DRR027530	0	81	0.0	0	9884	0.0
DRR027533	0	120	0.0	0	9728	0.0
DRR028683	0	130	0.0	0	10215	0.0
DRR028690	0	136	0.0	0	10214	0.0
DRR028692	0	147	0.0	0	10209	0.0
DRR028695	0	164	0.0	0	10229	0.0
DRR028723	5	215	0.02326	94	10168	0.00924
DRR028737	2	222	0.00901	53	10202	0.0052
DRR028749	0	154	0.0	0	10177	0.0
DRR057927	7	364	0.01923	199	9678	0.02056
DRR057928	6	363	0.01653	127	9576	0.01326
DRR057929	4	328	0.0122	92	9519	0.00966
DRR057934	4	323	0.01238	104	9801	0.01061
DRR060143	21	416	0.05048	347	10085	0.03441
DRR060150	4	298	0.01342	172	10114	0.01701
DRR060159	3	390	0.00769	117	10024	0.01167
DRR060165	8	541	0.01479	186	10119	0.01838
DRR060166	12	500	0.024	281	9772	0.02876
DRR060169	16	584	0.0274	285	10072	0.0283
DRR065508	14	517	0.02708	285	10018	0.02845
DRR065509	13	485	0.0268	282	10084	0.02797
DRR065513	16	561	0.02852	261	10058	0.02595
DRR065514	15	570	0.02632	244	10079	0.02421
DRR065515	19	537	0.03538	330	10121	0.03261
DRR065526	18	547	0.03291	358	10143	0.0353
DRR065529	9	455	0.01978	229	10109	0.02265
DRR065533	9	467	0.01927	229	10136	0.02259
DRR065543	19	528	0.03598	322	9948	0.03237
DRR065546	22	580	0.03793	324	10133	0.03197
DRR065547	17	542	0.03137	334	10098	0.03308
DRR065548	20	567	0.03527	330	10067	0.03278
DRR065555	21	547	0.03839	306	10060	0.03042
DRR065556	23	524	0.04389	317	9986	0.03174
DRR065560	20	563	0.03552	358	10066	0.03557
DRR065564	13	490	0.02653	246	10114	0.02432
DRR065566	10	439	0.02278	288	10068	0.02861
DRR065567	13	457	0.02845	374	10080	0.0371
DRR065568	14	483	0.02899	356	10129	0.03515
DRR065569	17	468	0.03632	274	10077	0.02719
DRR075441	2	155	0.0129	52	9972	0.00521
DRR089775	1	27	0.03704	109	9982	0.01092
DRR089777	0	33	0.0	0	9956	0.0
ERR1103000	0	61	0.0	0	10116	0.0
ERR1103029	0	74	0.0	0	10033	0.0
ERR1103102	0	61	0.0	0	10045	0.0
ERR1103123	0	80	0.0	0	10010	0.0
ERR1103129	0	64	0.0	0	9976	0.0
ERR1103145	0	56	0.0	0	9973	0.0
ERR1103177	0	69	0.0	0	10081	0.0
ERR1103192	1	37	0.02703	34	9739	0.00349
ERR1103247	1	64	0.01562	107	9832	0.01088
ERR1103250	0	40	0.0	0	9954	0.0
ERR1103251	0	63	0.0	0	9798	0.0
ERR1103252	1	65	0.01538	116	9920	0.01169
ERR1103262	0	61	0.0	0	9860	0.0
ERR1103267	0	76	0.0	0	9841	0.0
ERR1103270	0	51	0.0	0	9777	0.0
ERR1103274	0	44	0.0	0	9924	0.0
ERR1103278	0	56	0.0	0	9601	0.0
ERR1103290	1	66	0.01515	331	9906	0.03341
ERR1103301	0	59	0.0	0	9323	0.0
ERR1103302	0	64	0.0	0	9640	0.0
ERR1103303	0	75	0.0	0	9324	0.0
ERR1103316	1	67	0.01493	371	9761	0.03801
ERR1103322	0	42	0.0	0	9476	0.0
ERR1103324	1	43	0.02326	317	9354	0.03389
ERR1103329	0	51	0.0	0	9606	0.0
ERR1103340	0	54	0.0	0	9555	0.0
ERR1103343	1	65	0.01538	179	9485	0.01887
ERR1103345	0	63	0.0	0	9601	0.0
ERR1103349	3	71	0.04225	286	9541	0.02998
ERR1103369	0	54	0.0	0	9395	0.0
ERR1202025	0	176	0.0	0	10192	0.0
ERR1202026	0	187	0.0	0	10208	0.0
ERR1202031	1	168	0.00595	4	10227	0.00039
ERR1202032	1	168	0.00595	3	10229	0.00029
ERR1202034	0	208	0.0	0	10156	0.0
ERR1202038	0	208	0.0	0	10156	0.0
ERR1202043	0	187	0.0	0	10192	0.0
ERR1202045	0	163	0.0	0	10229	0.0
ERR1419289	2	288	0.00694	36	10124	0.00356
ERR1419290	7	505	0.01386	97	10141	0.00957
ERR1419291	0	247	0.0	0	10137	0.0
ERR1419292	3	461	0.00651	74	10112	0.00732
ERR1419297	2	501	0.00399	24	10173	0.00236
ERR1419301	6	384	0.01562	130	10098	0.01287
ERR1419302	7	430	0.01628	222	10113	0.02195
ERR1512316	1	202	0.00495	4	10123	0.0004
ERR1512337	8	342	0.02339	46	10102	0.00455
ERR1512346	2	231	0.00866	11	10106	0.00109
ERR1512349	0	163	0.0	0	10063	0.0
ERR1512353	9	337	0.02671	75	10038	0.00747
ERR1512354	3	291	0.01031	35	10077	0.00347
ERR1520149	0	248	0.0	0	9515	0.0
ERR1520196	5	230	0.02174	92	9715	0.00947
ERR1520219	1	184	0.00543	15	9927	0.00151
ERR1520223	2	197	0.01015	46	9985	0.00461
ERR1530739	0	101	0.0	0	10214	0.0
ERR1530740	0	119	0.0	0	10216	0.0
ERR1530759	1	156	0.00641	9	10217	0.00088
ERR1530774	0	113	0.0	0	10235	0.0
ERR1530784	1	128	0.00781	4	10229	0.00039
ERR1535947	0	200	0.0	0	10157	0.0
ERR1535950	2	207	0.00966	15	10130	0.00148
ERR1535970	9	281	0.03203	84	10169	0.00826
ERR1535974	8	267	0.02996	92	10164	0.00905
ERR1538555	3	240	0.0125	47	10137	0.00464
ERR1538556	7	514	0.01362	50	10125	0.00494
ERR1538559	28	542	0.05166	431	10188	0.0423
ERR1538576	12	702	0.01709	128	10095	0.01268
ERR1538579	12	624	0.01923	89	10125	0.00879
ERR1538581	4	261	0.01533	52	10148	0.00512
ERR1538582	5	530	0.00943	78	10115	0.00771
ERR1538585	4	575	0.00696	40	10128	0.00395
ERR1538586	5	259	0.01931	79	10143	0.00779
ERR1538588	5	499	0.01002	56	10126	0.00553
ERR1538592	9	559	0.0161	81	10139	0.00799
ERR1538655	2	199	0.01005	6	10156	0.00059
ERR1538676	5	480	0.01042	41	10109	0.00406
ERR1538678	24	679	0.03535	314	10055	0.03123
ERR1538681	29	836	0.03469	271	10114	0.02679
ERR1538684	31	704	0.04403	371	10017	0.03704
ERR1538689	45	595	0.07563	609	10099	0.0603
ERR1538755	31	678	0.04572	359	10099	0.03555
ERR1538766	32	650	0.04923	395	10014	0.03944
ERR1538801	6	610	0.00984	43	10163	0.00423
ERR1538826	1	387	0.00258	5	10177	0.00049
ERR1538831	2	353	0.00567	11	10165	0.00108
ERR1538842	18	740	0.02432	212	10078	0.02104
ERR1538886	24	662	0.03625	271	10081	0.02688
ERR1543757	39	559	0.06977	501	10052	0.04984
ERR1543765	42	559	0.07513	767	10069	0.07617
ERR1543798	1	186	0.00538	11	10143	0.00108
ERR1543799	0	220	0.0	0	10154	0.0
ERR1543827	0	179	0.0	0	10224	0.0
ERR1543831	1	182	0.00549	9	10199	0.00088
ERR1543844	1	188	0.00532	22	10189	0.00216
ERR1543845	3	257	0.01167	118	10205	0.01156
ERR1543849	2	273	0.00733	43	10154	0.00423
ERR1543864	0	191	0.0	0	10161	0.0
ERR1543865	1	203	0.00493	25	10217	0.00245
ERR1543866	0	127	0.0	0	10197	0.0
ERR1543875	1	167	0.00599	15	10159	0.00148
ERR1543885	0	181	0.0	0	10188	0.0
ERR1543886	0	190	0.0	0	10204	0.0
ERR1543888	0	132	0.0	0	10205	0.0
ERR1543892	1	255	0.00392	8	10141	0.00079
ERR1543893	8	225	0.03556	111	10159	0.01093
ERR1543894	1	174	0.00575	15	10206	0.00147
ERR1543895	1	200	0.005	50	10211	0.0049
ERR1543898	0	131	0.0	0	10220	0.0
ERR1543906	3	267	0.01124	39	10147	0.00384
ERR1543928	1	223	0.00448	25	10183	0.00246
ERR1543934	0	153	0.0	0	10197	0.0
ERR1543935	0	160	0.0	0	10214	0.0
ERR1543936	0	192	0.0	0	10218	0.0
ERR1544013	0	87	0.0	0	10215	0.0
ERR1544015	0	99	0.0	0	10241	0.0
ERR1544016	0	85	0.0	0	10231	0.0
ERR1544027	0	69	0.0	0	10233	0.0
ERR1544106	0	110	0.0	0	10218	0.0
ERR1544119	0	91	0.0	0	10225	0.0
ERR1544127	0	119	0.0	0	10224	0.0
ERR1544130	0	121	0.0	0	10212	0.0
ERR1544160	0	127	0.0	0	10203	0.0
ERR1544169	0	99	0.0	0	10236	0.0
ERR1544194	0	141	0.0	0	10205	0.0
ERR1544224	0	115	0.0	0	10229	0.0
ERR1544276	0	132	0.0	0	10207	0.0
ERR1544292	13	412	0.03155	265	10164	0.02607
ERR1544295	13	412	0.03155	279	10173	0.02743
ERR1544297	13	373	0.03485	182	10170	0.0179
ERR1544309	6	328	0.01829	152	10159	0.01496
ERR1544314	3	253	0.01186	38	10197	0.00373
ERR1544316	10	292	0.03425	130	10197	0.01275
ERR1544322	7	443	0.0158	122	10164	0.012
ERR1544323	8	413	0.01937	179	10182	0.01758
ERR1544326	10	298	0.03356	100	10194	0.00981
ERR1544337	4	322	0.01242	158	10188	0.01551
ERR1544340	19	365	0.05205	272	10174	0.02673
ERR1544344	4	215	0.0186	63	10229	0.00616
ERR1544347	5	259	0.01931	82	10204	0.00804
ERR1544352	7	279	0.02509	246	10179	0.02417
ERR1544365	3	283	0.0106	29	10176	0.00285
ERR1544369	12	363	0.03306	219	10151	0.02157
ERR1544372	10	221	0.04525	138	10210	0.01352
ERR1544374	12	325	0.03692	199	10186	0.01954
ERR1544377	9	316	0.02848	117	10170	0.0115
ERR1544393	7	373	0.01877	169	10199	0.01657
ERR1544413	4	301	0.01329	88	10205	0.00862
ERR1544421	7	239	0.02929	104	10214	0.01018
ERR1544669	3	377	0.00796	57	10115	0.00564
ERR1544673	4	425	0.00941	48	10134	0.00474
ERR1545578	7	416	0.01683	170	10094	0.01684
ERR1545580	11	403	0.0273	170	10147	0.01675
ERR1545581	9	415	0.02169	166	10110	0.01642
ERR1545582	8	338	0.02367	133	10165	0.01308
ERR1545583	7	403	0.01737	137	10139	0.01351
ERR1545584	5	368	0.01359	89	10163	0.00876
ERR1545585	8	405	0.01975	94	10148	0.00926
ERR1545586	5	408	0.01225	107	10159	0.01053
ERR1545587	5	388	0.01289	102	10174	0.01003
ERR1545590	6	392	0.01531	145	10123	0.01432
ERR1545591	9	387	0.02326	154	10120	0.01522
ERR1545592	5	307	0.01629	92	10158	0.00906
ERR1545593	6	362	0.01657	89	10150	0.00877
ERR1545594	8	379	0.02111	176	10122	0.01739
ERR1545595	8	412	0.01942	137	10075	0.0136
ERR1545596	8	375	0.02133	113	10141	0.01114
ERR1545597	10	364	0.02747	142	10157	0.01398
ERR1545598	12	384	0.03125	136	10101	0.01346
ERR1545599	4	414	0.00966	53	10146	0.00522
ERR1545608	8	419	0.01909	136	10131	0.01342
ERR1545609	5	399	0.01253	115	10145	0.01134
ERR1545612	9	365	0.02466	150	10142	0.01479
ERR1545613	9	360	0.025	146	10154	0.01438
ERR1545614	4	428	0.00935	136	10153	0.0134
ERR1545615	8	424	0.01887	146	10158	0.01437
ERR1545616	9	455	0.01978	146	10110	0.01444
ERR1545618	7	426	0.01643	144	10136	0.01421
ERR1545619	3	401	0.00748	76	10130	0.0075
ERR1545622	12	450	0.02667	213	10113	0.02106
ERR1545626	5	448	0.01116	374	10143	0.03687
ERR1545629	10	420	0.02381	237	10132	0.02339
ERR1545634	7	595	0.01176	76	10203	0.00745
ERR1545636	3	444	0.00676	83	10111	0.00821
ERR1545638	5	428	0.01168	115	10155	0.01132
ERR1545643	8	419	0.01909	123	10147	0.01212
ERR1545644	12	460	0.02609	159	10141	0.01568
ERR1545651	5	357	0.01401	74	10136	0.0073
ERR1545652	10	355	0.02817	88	10131	0.00869
ERR1545653	3	386	0.00777	102	10094	0.01011
ERR1545655	6	418	0.01435	162	10132	0.01599
ERR1545656	8	412	0.01942	159	10092	0.01576
ERR1545658	10	479	0.02088	183	10100	0.01812
ERR1545659	11	456	0.02412	185	10161	0.01821
ERR1545660	3	424	0.00708	100	10116	0.00989
ERR1545661	7	408	0.01716	142	10132	0.01402
ERR1545662	4	408	0.0098	121	10142	0.01193
ERR1545663	9	401	0.02244	132	10166	0.01298
ERR1545664	7	391	0.0179	183	10132	0.01806
ERR1545665	6	402	0.01493	143	10047	0.01423
ERR1545666	3	398	0.00754	84	10159	0.00827
ERR1545667	9	391	0.02302	152	10122	0.01502
ERR1545668	6	411	0.0146	121	10117	0.01196
ERR1545670	8	405	0.01975	148	10148	0.01458
ERR1545672	21	653	0.03216	165	10217	0.01615
ERR1545673	4	411	0.00973	152	10115	0.01503
ERR1545674	1	426	0.00235	31	10124	0.00306
ERR1545675	7	428	0.01636	132	10080	0.0131
ERR1545676	11	417	0.02638	172	10080	0.01706
ERR1546940	5	298	0.01678	102	10191	0.01001
ERR1546941	7	322	0.02174	223	10150	0.02197
ERR1546942	8	340	0.02353	245	10171	0.02409
ERR1546945	10	310	0.03226	154	10172	0.01514
ERR1546950	9	359	0.02507	165	10161	0.01624
ERR1546953	7	322	0.02174	158	10165	0.01554
ERR1546965	3	266	0.01128	348	10181	0.03418
ERR1546966	6	270	0.02222	430	10165	0.0423
ERR1546970	4	277	0.01444	409	10180	0.04018
ERR1546994	1	224	0.00446	2	10191	0.0002
ERR1546999	0	240	0.0	0	10184	0.0
ERR1547000	1	246	0.00407	20	10174	0.00197
ERR1547001	0	240	0.0	0	10177	0.0
ERR1547002	0	240	0.0	0	10170	0.0
ERR1547131	8	335	0.02388	179	10186	0.01757
ERR1547132	11	343	0.03207	229	10164	0.02253
ERR1547136	10	349	0.02865	290	10180	0.02849
ERR1547138	9	369	0.02439	261	10127	0.02577
ERR1547145	12	342	0.03509	273	10182	0.02681
ERR1547173	7	252	0.02778	226	10201	0.02215
ERR1547175	7	240	0.02917	244	10226	0.02386
ERR1547182	7	256	0.02734	229	10218	0.02241
ERR1557980	5	461	0.01085	107	10112	0.01058
ERR1557985	13	476	0.02731	286	10157	0.02816
ERR1557988	16	498	0.03213	691	10199	0.06775
ERR1557996	8	463	0.01728	228	10235	0.02228
ERR1558020	10	362	0.02762	271	10160	0.02667
ERR1558032	14	320	0.04375	353	10198	0.03461
ERR1558034	7	311	0.02251	106	10184	0.01041
ERR1558037	17	444	0.03829	221	10197	0.02167
ERR1558054	42	494	0.08502	1063	10195	0.10427
ERR1558058	27	508	0.05315	295	10168	0.02901
ERR1558061	34	461	0.07375	591	10177	0.05807
ERR1558077	34	593	0.05734	316	10154	0.03112
ERR1558084	55	535	0.1028	881	10138	0.0869
ERR1558764	4	265	0.01509	87	10219	0.00851
ERR1558771	12	336	0.03571	286	10182	0.02809
ERR1559040	30	567	0.05291	893	10048	0.08887
ERR1559043	40	583	0.06861	838	10074	0.08318
ERR1559046	33	540	0.06111	983	10034	0.09797
ERR1559052	35	578	0.06055	899	10068	0.08929
ERR1559058	31	555	0.05586	1002	10069	0.09951
ERR1559059	34	538	0.0632	926	10057	0.09208
ERR1559061	47	568	0.08275	990	9915	0.09985
ERR1559067	41	530	0.07736	1035	10035	0.10314
ERR1559071	32	538	0.05948	869	10054	0.08643
ERR1559074	39	546	0.07143	901	10046	0.08969
ERR1559075	32	511	0.06262	915	10062	0.09094
ERR1559076	27	490	0.0551	852	10097	0.08438
ERR1559080	44	575	0.07652	962	10047	0.09575
ERR1559081	36	531	0.0678	839	9976	0.0841
ERR1559082	34	522	0.06513	801	9964	0.08039
ERR1559084	40	583	0.06861	865	9979	0.08668
ERR1559090	43	564	0.07624	883	9981	0.08847
ERR1559092	50	523	0.0956	1034	10008	0.10332
ERR1559093	56	542	0.10332	1083	10065	0.1076
ERR1559095	57	606	0.09406	951	9997	0.09513
ERR1559101	40	524	0.07634	888	10016	0.08866
ERR1559104	38	505	0.07525	801	10059	0.07963
ERR1559116	36	483	0.07453	847	10012	0.0846
ERR1559219	42	625	0.0672	822	10019	0.08204
ERR1559234	34	524	0.06489	679	10070	0.06743
ERR1559247	44	546	0.08059	946	10045	0.09418
ERR1559249	55	537	0.10242	1224	10111	0.12106
ERR1559261	43	555	0.07748	957	10068	0.09505
ERR1559276	37	538	0.06877	916	10013	0.09148
ERR1559278	56	576	0.09722	1021	10085	0.10124
ERR1559309	52	536	0.09701	1146	10047	0.11406
ERR1559310	41	565	0.07257	823	10030	0.08205
ERR1559316	34	565	0.06018	838	10082	0.08312
ERR1559317	50	565	0.0885	986	10103	0.09759
ERR1559319	50	584	0.08562	954	10075	0.09469
ERR1559337	21	454	0.04626	546	10097	0.05408
ERR1559342	18	430	0.04186	384	10085	0.03808
ERR1559344	48	522	0.09195	1019	10027	0.10163
ERR1559352	32	557	0.05745	609	10075	0.06045
ERR1559363	32	511	0.06262	776	10032	0.07735
ERR1559367	39	525	0.07429	823	10086	0.0816
ERR1559372	41	567	0.07231	831	10020	0.08293
ERR1559376	40	510	0.07843	834	10055	0.08294
ERR1559384	39	553	0.07052	770	10019	0.07685
ERR1559389	48	577	0.08319	990	10023	0.09877
ERR1559403	41	573	0.07155	803	9987	0.0804
ERR1559418	46	497	0.09256	780	10056	0.07757
ERR1559421	38	556	0.06835	719	10055	0.07151
ERR1559422	39	524	0.07443	733	10072	0.07278
ERR1559424	47	522	0.09004	834	10019	0.08324
ERR1559431	37	484	0.07645	751	10077	0.07453
ERR1559433	39	533	0.07317	745	10021	0.07434
ERR1559452	36	539	0.06679	768	10004	0.07677
ERR1559457	41	539	0.07607	998	10075	0.09906
ERR1559458	44	545	0.08073	854	10053	0.08495
ERR1559461	32	531	0.06026	628	10079	0.06231
ERR1559476	46	552	0.08333	1014	10084	0.10056
ERR1559477	39	511	0.07632	744	10054	0.074
ERR1559478	48	578	0.08304	949	10042	0.0945
ERR1559488	42	537	0.07821	835	10017	0.08336
ERR1559495	55	546	0.10073	1008	10020	0.1006
ERR1559522	33	497	0.0664	756	10056	0.07518
ERR1559554	53	546	0.09707	1035	10027	0.10322
ERR1559560	33	534	0.0618	647	10046	0.0644
ERR1559567	43	566	0.07597	979	10000	0.0979
ERR1559579	43	575	0.07478	968	9980	0.09699
ERR1559580	39	589	0.06621	874	9985	0.08753
ERR1559583	40	568	0.07042	1125	10053	0.11191
ERR1559589	35	524	0.06679	963	10000	0.0963
ERR1559590	54	542	0.09963	1012	9988	0.10132
ERR1559594	50	546	0.09158	1043	10006	0.10424
ERR1559598	45	547	0.08227	871	10058	0.0866
ERR1559606	50	594	0.08418	916	10065	0.09101
ERR1559612	47	559	0.08408	1034	10063	0.10275
ERR1559618	47	608	0.0773	912	10099	0.09031
ERR1559621	46	561	0.082	935	10050	0.09303
ERR1559638	38	520	0.07308	882	10043	0.08782
ERR1559644	57	568	0.10035	1198	10013	0.11964
ERR1559649	28	512	0.05469	730	10099	0.07228
ERR1559674	37	433	0.08545	647	9986	0.06479
ERR1559686	47	557	0.08438	910	10050	0.09055
ERR1559700	47	519	0.09056	941	9996	0.09414
ERR1559723	41	519	0.079	872	10108	0.08627
ERR1559733	53	493	0.10751	1056	9947	0.10616
ERR1581950	21	258	0.0814	1232	9942	0.12392
ERR1581952	26	290	0.08966	1114	9995	0.11146
ERR1581955	28	300	0.09333	1324	9972	0.13277
ERR1581960	23	249	0.09237	1327	9987	0.13287
ERR1581961	17	269	0.0632	1280	9964	0.12846
ERR1581962	21	271	0.07749	1132	9859	0.11482
ERR1581965	23	261	0.08812	1114	10012	0.11127
ERR1581968	18	263	0.06844	1002	10038	0.09982
ERR1581973	17	274	0.06204	837	10042	0.08335
ERR1581977	17	262	0.06489	1263	10030	0.12592
ERR1581978	15	258	0.05814	974	10000	0.0974
ERR1581979	18	275	0.06545	1139	10002	0.11388
ERR1581981	19	273	0.0696	1059	10039	0.10549
ERR1581986	22	265	0.08302	738	10068	0.0733
ERR1581998	16	271	0.05904	751	10041	0.07479
ERR1582004	17	246	0.06911	923	10039	0.09194
ERR1582010	16	251	0.06375	1162	9989	0.11633
ERR1582023	0	140	0.0	0	10084	0.0
ERR1582032	0	148	0.0	0	10150	0.0
ERR1582083	0	110	0.0	0	10095	0.0
ERR1582088	0	121	0.0	0	10186	0.0
ERR1582089	0	124	0.0	0	10170	0.0
ERR1582090	0	132	0.0	0	10186	0.0
ERR1582095	0	162	0.0	0	10162	0.0
ERR1582110	0	124	0.0	0	10180	0.0
ERR1582111	0	115	0.0	0	10164	0.0
ERR1582120	0	141	0.0	0	10185	0.0
ERR1582133	0	142	0.0	0	10097	0.0
ERR1582144	0	143	0.0	0	10030	0.0
ERR1582145	0	165	0.0	0	10056	0.0
ERR1582146	0	111	0.0	0	10192	0.0
ERR1582155	0	154	0.0	0	10109	0.0
ERR1582176	1	113	0.00885	3	10063	0.0003
ERR1582226	0	172	0.0	0	10118	0.0
ERR1582252	0	151	0.0	0	9977	0.0
ERR1582282	0	155	0.0	0	10018	0.0
ERR1582287	0	157	0.0	0	9990	0.0
ERR1582302	1	155	0.00645	15	10086	0.00149
ERR1582308	1	189	0.00529	14	10124	0.00138
ERR1582327	2	169	0.01183	13	10145	0.00128
ERR1582393	1	213	0.00469	9	10159	0.00089
ERR1582416	2	202	0.0099	29	10174	0.00285
ERR1582418	4	208	0.01923	67	10180	0.00658
ERR1582420	4	256	0.01562	31	10157	0.00305
ERR1582422	0	266	0.0	0	10057	0.0
ERR1582431	0	248	0.0	0	10191	0.0
ERR1582436	2	245	0.00816	18	10140	0.00178
ERR1582441	1	253	0.00395	4	10171	0.00039
ERR1582451	0	207	0.0	0	10058	0.0
ERR1582457	1	231	0.00433	5	10107	0.00049
ERR1582459	0	223	0.0	0	10192	0.0
ERR1582462	2	307	0.00651	24	10138	0.00237
ERR1582465	1	196	0.0051	6	10157	0.00059
ERR1582469	5	238	0.02101	83	10037	0.00827
ERR1582470	1	270	0.0037	5	10139	0.00049
ERR1582481	0	267	0.0	0	10103	0.0
ERR1582482	0	276	0.0	0	10152	0.0
ERR1582491	0	243	0.0	0	10157	0.0
ERR1582494	2	218	0.00917	20	10167	0.00197
ERR1582496	1	237	0.00422	32	10175	0.00314
ERR1582535	4	278	0.01439	22	10142	0.00217
ERR1582604	1	127	0.00787	8	10039	0.0008
ERR1582618	0	168	0.0	0	10132	0.0
ERR1582619	0	181	0.0	0	9996	0.0
ERR1582620	2	184	0.01087	12	9986	0.0012
ERR1582627	0	141	0.0	0	10102	0.0
ERR1582631	3	191	0.01571	84	10101	0.00832
ERR1582644	0	117	0.0	0	10071	0.0
ERR1582662	0	162	0.0	0	10016	0.0
ERR1582681	0	167	0.0	0	10058	0.0
ERR1582705	7	182	0.03846	206	10079	0.02044
ERR1582723	0	115	0.0	0	10140	0.0
ERR1582725	2	167	0.01198	23	10146	0.00227
ERR1582734	0	124	0.0	0	10154	0.0
ERR1582747	1	181	0.00552	24	10153	0.00236
ERR1582752	1	148	0.00676	18	10149	0.00177
ERR1582795	0	112	0.0	0	10092	0.0
ERR1582812	2	164	0.0122	71	10095	0.00703
ERR1582841	1	157	0.00637	12	10134	0.00118
ERR1582873	2	181	0.01105	79	10111	0.00781
ERR1582896	1	272	0.00368	9	10138	0.00089
ERR1582898	0	150	0.0	0	10156	0.0
ERR1582902	0	235	0.0	0	10140	0.0
ERR1582916	1	233	0.00429	4	10099	0.0004
ERR1582923	0	148	0.0	0	10129	0.0
ERR1582935	0	172	0.0	0	10160	0.0
ERR1582938	0	181	0.0	0	10113	0.0
ERR1582957	0	199	0.0	0	10119	0.0
ERR1582966	2	192	0.01042	140	10138	0.01381
ERR1582983	0	152	0.0	0	10103	0.0
ERR1582996	0	203	0.0	0	10081	0.0
ERR1583011	0	198	0.0	0	10060	0.0
ERR1589263	7	455	0.01538	118	9825	0.01201
ERR1589266	9	416	0.02163	196	10146	0.01932
ERR1589267	10	407	0.02457	217	9961	0.02178
ERR1589269	13	426	0.03052	304	9593	0.03169
ERR1589279	25	451	0.05543	505	10164	0.04969
ERR1589294	6	453	0.01325	112	10076	0.01112
ERR1589297	11	489	0.02249	186	10078	0.01846
ERR1589299	12	482	0.0249	227	9697	0.02341
ERR1589308	6	337	0.0178	108	9829	0.01099
ERR1589312	9	302	0.0298	168	10034	0.01674
ERR1589314	6	366	0.01639	181	10011	0.01808
ERR1589316	8	360	0.02222	284	9580	0.02965
ERR1589322	5	364	0.01374	83	9939	0.00835
ERR1589325	5	284	0.01761	80	10154	0.00788
ERR1589335	6	255	0.02353	94	10106	0.0093
ERR1589342	5	197	0.02538	83	9302	0.00892
ERR1589344	6	364	0.01648	117	8891	0.01316
ERR1589746	24	509	0.04715	424	10175	0.04167
ERR1589750	31	526	0.05894	383	10162	0.03769
ERR1589765	18	487	0.03696	243	10161	0.02391
ERR1589780	32	526	0.06084	438	10201	0.04294
ERR1589781	41	580	0.07069	545	10196	0.05345
ERR1589784	30	476	0.06303	969	10182	0.09517
ERR1589797	22	390	0.05641	496	10181	0.04872
ERR1589809	28	488	0.05738	376	10174	0.03696
ERR1589816	10	312	0.03205	115	10195	0.01128
ERR1589823	24	345	0.06957	230	10153	0.02265
ERR1589826	18	394	0.04569	273	10168	0.02685
ERR1589840	6	322	0.01863	63	10195	0.00618
ERR1589851	5	286	0.01748	107	10196	0.01049
ERR1589852	46	509	0.09037	717	10167	0.07052
ERR1589915	1	156	0.00641	4	10193	0.00039
ERR1589920	0	269	0.0	0	10211	0.0
ERR1590022	0	190	0.0	0	10178	0.0
ERR1590023	0	238	0.0	0	10175	0.0
ERR1590026	6	244	0.02459	58	10170	0.0057
ERR1590027	5	245	0.02041	60	10121	0.00593
ERR1590029	2	228	0.00877	35	10105	0.00346
ERR1590030	0	216	0.0	0	10181	0.0
ERR1590031	0	165	0.0	0	10169	0.0
ERR1590032	0	168	0.0	0	10167	0.0
ERR1590039	1	399	0.00251	4	10162	0.00039
ERR1590041	9	450	0.02	86	10144	0.00848
ERR1591091	50	740	0.06757	700	10033	0.06977
ERR1591093	50	721	0.06935	846	10049	0.08419
ERR1591094	46	691	0.06657	822	10031	0.08195
ERR1591095	43	665	0.06466	861	10082	0.0854
ERR1591102	35	638	0.05486	530	9997	0.05302
ERR1591104	38	573	0.06632	513	9780	0.05245
ERR1591107	44	745	0.05906	704	10053	0.07003
ERR1591115	43	664	0.06476	821	10005	0.08206
ERR1591118	41	679	0.06038	736	10079	0.07302
ERR1591121	51	717	0.07113	768	10060	0.07634
ERR1591122	40	688	0.05814	606	10070	0.06018
ERR1591124	43	721	0.05964	730	9988	0.07309
ERR1591148	45	712	0.0632	717	10073	0.07118
ERR1591155	46	787	0.05845	564	10082	0.05594
ERR1591159	40	728	0.05495	684	10041	0.06812
ERR1591161	41	697	0.05882	650	10034	0.06478
ERR1591169	46	723	0.06362	693	9906	0.06996
ERR1591172	48	755	0.06358	719	10052	0.07153
ERR1591177	44	733	0.06003	726	10029	0.07239
ERR1591178	44	737	0.0597	703	10056	0.06991
ERR1591194	51	673	0.07578	836	10028	0.08337
ERR1591200	50	706	0.07082	793	10057	0.07885
ERR1591203	45	719	0.06259	941	10079	0.09336
ERR1591210	38	687	0.05531	766	10035	0.07633
ERR1591211	43	695	0.06187	614	10059	0.06104
ERR1591218	46	771	0.05966	646	10018	0.06448
ERR1591223	31	707	0.04385	556	9995	0.05563
ERR1591225	37	690	0.05362	623	10037	0.06207
ERR1591226	39	723	0.05394	597	10004	0.05968
ERR1591228	45	712	0.0632	601	10046	0.05982
ERR1591231	31	659	0.04704	1095	10057	0.10888
ERR1591239	29	722	0.04017	555	10015	0.05542
ERR1591245	34	713	0.04769	588	10009	0.05875
ERR1591248	32	688	0.04651	699	9988	0.06998
ERR1591260	52	754	0.06897	687	10033	0.06847
ERR1591264	40	695	0.05755	557	9994	0.05573
ERR1591267	43	729	0.05898	671	10052	0.06675
ERR1591289	37	732	0.05055	630	10050	0.06269
ERR1591293	41	759	0.05402	571	9982	0.0572
ERR1591298	43	682	0.06305	527	10089	0.05224
ERR1591301	41	699	0.05866	768	10065	0.0763
ERR1591308	28	731	0.0383	522	10037	0.05201
ERR1591311	38	734	0.05177	542	10053	0.05391
ERR1591312	36	680	0.05294	547	9971	0.05486
ERR1591319	41	734	0.05586	656	10052	0.06526
ERR1591333	33	715	0.04615	615	10061	0.06113
ERR1591338	35	701	0.04993	545	10035	0.05431
ERR1591339	35	695	0.05036	677	10049	0.06737
ERR1591344	35	734	0.04768	623	10037	0.06207
ERR1591346	28	649	0.04314	689	10042	0.06861
ERR1591347	42	749	0.05607	618	10024	0.06165
ERR1591350	46	740	0.06216	552	10054	0.0549
ERR1591357	24	711	0.03376	598	10107	0.05917
ERR1591365	49	715	0.06853	930	10030	0.09272
ERR1591373	41	710	0.05775	643	10001	0.06429
ERR1591381	41	756	0.05423	659	10044	0.06561
ERR1591385	37	769	0.04811	641	10029	0.06391
ERR1591391	40	720	0.05556	649	10042	0.06463
ERR1591396	35	722	0.04848	531	10033	0.05293
ERR1591397	33	748	0.04412	527	10034	0.05252
ERR1591403	32	696	0.04598	646	10045	0.06431
ERR1591408	39	736	0.05299	599	10035	0.05969
ERR1591416	1	251	0.00398	5	10132	0.00049
ERR1591423	38	589	0.06452	737	10049	0.07334
ERR1591427	36	541	0.06654	833	10072	0.0827
ERR1591433	34	713	0.04769	251	10131	0.02478
ERR1591438	22	509	0.04322	275	9919	0.02772
ERR1591441	23	538	0.04275	364	10016	0.03634
ERR1591444	26	611	0.04255	295	10080	0.02927
ERR1591447	31	507	0.06114	554	10061	0.05506
ERR1591459	24	605	0.03967	281	9868	0.02848
ERR1591485	42	644	0.06522	716	10035	0.07135
ERR1591490	45	715	0.06294	651	10043	0.06482
ERR1591493	43	709	0.06065	638	10037	0.06356
ERR1591494	43	671	0.06408	768	10053	0.0764
ERR1591497	39	596	0.06544	742	10068	0.0737
ERR1591501	34	631	0.05388	885	10006	0.08845
ERR1591508	32	654	0.04893	583	10056	0.05798
ERR1591514	42	670	0.06269	602	10040	0.05996
ERR1591515	35	644	0.05435	738	10030	0.07358
ERR1591518	45	681	0.06608	780	10034	0.07774
ERR1591521	49	722	0.06787	945	10062	0.09392
ERR1591524	41	708	0.05791	607	10063	0.06032
ERR1591526	35	602	0.05814	746	10006	0.07456
ERR1591529	41	679	0.06038	723	10023	0.07213
ERR1591531	44	700	0.06286	726	10026	0.07241
ERR1591541	42	721	0.05825	545	10013	0.05443
ERR1591548	30	683	0.04392	468	10015	0.04673
ERR1591551	38	660	0.05758	948	10033	0.09449
ERR1591557	41	675	0.06074	953	10060	0.09473
ERR1591562	45	692	0.06503	880	10029	0.08775
ERR1591563	35	517	0.0677	640	10067	0.06357
ERR1591564	43	651	0.06605	767	10057	0.07627
ERR1591569	43	732	0.05874	641	9996	0.06413
ERR1591571	38	624	0.0609	741	10034	0.07385
ERR1591576	26	684	0.03801	599	10076	0.05945
ERR1591577	40	631	0.06339	656	10054	0.06525
ERR1591583	36	645	0.05581	872	10027	0.08697
ERR1591584	47	702	0.06695	746	10094	0.07391
ERR1591587	52	734	0.07084	726	10048	0.07225
ERR1591590	33	576	0.05729	853	10033	0.08502
ERR1591591	42	609	0.06897	1050	10055	0.10443
ERR1591595	38	539	0.0705	1315	10081	0.13044
ERR1591597	31	595	0.0521	912	10078	0.09049
ERR1591599	26	536	0.04851	885	10060	0.08797
ERR1591603	33	622	0.05305	692	10044	0.0689
ERR1591604	36	689	0.05225	683	10036	0.06806
ERR1591606	41	672	0.06101	741	10006	0.07406
ERR1591607	39	644	0.06056	914	10054	0.09091
ERR1591611	36	696	0.05172	777	10067	0.07718
ERR1591612	50	699	0.07153	745	10040	0.0742
ERR1591614	42	718	0.0585	809	10032	0.08064
ERR1591618	44	677	0.06499	851	10049	0.08469
ERR1591621	40	704	0.05682	672	10049	0.06687
ERR1591624	45	694	0.06484	664	10004	0.06637
ERR1591628	46	721	0.0638	971	10007	0.09703
ERR1591633	43	648	0.06636	800	10057	0.07955
ERR1591639	44	674	0.06528	676	10022	0.06745
ERR1591643	37	691	0.05355	555	9967	0.05568
ERR1591645	48	706	0.06799	609	10028	0.06073
ERR1591646	41	634	0.06467	616	10018	0.06149
ERR1591650	43	641	0.06708	754	10038	0.07511
ERR1591662	37	696	0.05316	761	10038	0.07581
ERR1591664	42	688	0.06105	800	9997	0.08002
ERR1591669	38	709	0.0536	844	10009	0.08432
ERR1591671	34	725	0.0469	746	10013	0.0745
ERR1591672	41	681	0.06021	809	10000	0.0809
ERR1591674	37	666	0.05556	944	9963	0.09475
ERR1591675	38	725	0.05241	763	10009	0.07623
ERR1591679	52	675	0.07704	1228	10050	0.12219
ERR1591680	44	723	0.06086	724	10070	0.0719
ERR1591687	28	366	0.0765	336	10078	0.03334
ERR1591688	36	697	0.05165	736	10034	0.07335
ERR1591692	37	705	0.05248	650	10039	0.06475
ERR1591704	41	722	0.05679	618	10026	0.06164
ERR1591712	40	753	0.05312	607	10034	0.06049
ERR1591715	35	745	0.04698	595	10032	0.05931
ERR1591718	47	729	0.06447	812	10048	0.08081
ERR1591721	43	746	0.05764	697	10028	0.06951
ERR1591722	31	659	0.04704	526	10015	0.05252
ERR1591723	36	756	0.04762	707	9884	0.07153
ERR1593300	58	836	0.06938	755	9972	0.07571
ERR1593317	63	778	0.08098	852	9962	0.08552
ERR1593321	56	861	0.06504	455	9965	0.04566
ERR1593324	44	797	0.05521	511	9947	0.05137
ERR1593329	48	803	0.05978	554	9936	0.05576
ERR1593332	46	829	0.05549	453	9952	0.04552
ERR1593334	57	796	0.07161	826	9920	0.08327
ERR1593342	30	791	0.03793	406	9919	0.04093
ERR1593351	43	801	0.05368	507	9908	0.05117
ERR1593356	53	697	0.07604	558	9973	0.05595
ERR1593361	60	758	0.07916	681	9879	0.06893
ERR1593370	50	710	0.07042	575	9953	0.05777
ERR1593392	48	847	0.05667	398	9866	0.04034
ERR1593402	89	967	0.09204	932	9948	0.09369
ERR1593406	62	861	0.07201	691	9896	0.06983
ERR1593408	59	810	0.07284	546	9931	0.05498
ERR1593410	57	835	0.06826	616	9998	0.06161
ERR1593412	37	852	0.04343	357	9976	0.03579
ERR1593419	117	1014	0.11538	906	9988	0.09071
ERR1593420	51	820	0.0622	691	9942	0.0695
ERR1593430	58	689	0.08418	905	9793	0.09241
ERR1593432	65	717	0.09066	978	9742	0.10039
ERR1593438	81	723	0.11203	1128	9891	0.11404
ERR1593440	66	740	0.08919	882	9945	0.08869
ERR1593442	87	710	0.12254	1129	9891	0.11414
ERR1593444	28	569	0.04921	250	9969	0.02508
ERR1593445	42	724	0.05801	599	9891	0.06056
ERR1593450	23	504	0.04563	332	10173	0.03264
ERR1593451	21	507	0.04142	309	10170	0.03038
ERR1593456	22	432	0.05093	374	10184	0.03672
ERR1593461	21	492	0.04268	262	10180	0.02574
ERR1593463	28	488	0.05738	356	10172	0.035
ERR1593464	19	434	0.04378	210	10175	0.02064
ERR1593469	9	507	0.01775	169	10184	0.01659
ERR1593510	24	430	0.05581	277	10131	0.02734
ERR1593513	8	302	0.02649	153	10156	0.01506
ERR1593522	16	367	0.0436	237	10126	0.02341
ERR1593526	13	323	0.04025	189	10139	0.01864
ERR1593530	8	320	0.025	105	10117	0.01038
ERR1593531	1	266	0.00376	11	10113	0.00109
ERR1593532	3	321	0.00935	25	10096	0.00248
ERR1593537	4	291	0.01375	36	10145	0.00355
ERR1593556	3	276	0.01087	14	10153	0.00138
ERR1594080	29	331	0.08761	614	9950	0.06171
ERR1594089	39	433	0.09007	740	9971	0.07422
ERR1594108	14	336	0.04167	346	10188	0.03396
ERR1594118	20	383	0.05222	590	10187	0.05792
ERR1594121	18	357	0.05042	415	10191	0.04072
ERR1594125	17	359	0.04735	291	10193	0.02855
ERR1594129	20	245	0.08163	562	9805	0.05732
ERR1594135	19	239	0.0795	923	9701	0.09514
ERR1594144	23	265	0.08679	854	9790	0.08723
ERR1594150	12	252	0.04762	638	9789	0.06518
ERR1594162	37	379	0.09763	737	9856	0.07478
ERR1594164	19	246	0.07724	697	9697	0.07188
ERR1594167	13	254	0.05118	508	9848	0.05158
ERR1594175	20	260	0.07692	721	9757	0.0739
ERR1594179	20	260	0.07692	654	9764	0.06698
ERR1594181	21	276	0.07609	600	9775	0.06138
ERR1594186	18	266	0.06767	640	9762	0.06556
ERR1594201	15	258	0.05814	502	9846	0.05099
ERR1594208	22	291	0.0756	679	9741	0.06971
ERR1594214	18	236	0.07627	656	9687	0.06772
ERR1594221	26	277	0.09386	717	9784	0.07328
ERR1594229	19	243	0.07819	863	9737	0.08863
ERR1594236	31	321	0.09657	783	9802	0.07988
ERR1594239	22	246	0.08943	764	9744	0.07841
ERR1594242	22	323	0.06811	572	9841	0.05812
ERR1594244	24	287	0.08362	687	9764	0.07036
ERR1594247	19	281	0.06762	676	9765	0.06923
ERR1594260	23	329	0.06991	492	9860	0.0499
ERR1594276	13	281	0.04626	535	9722	0.05503
ERR1594277	20	269	0.07435	750	9772	0.07675
ERR1594278	28	243	0.11523	664	9817	0.06764
ERR1594282	20	254	0.07874	704	9716	0.07246
ERR1594287	35	291	0.12027	974	9740	0.1
ERR1594294	16	281	0.05694	512	9771	0.0524
ERR1594296	43	383	0.11227	833	9943	0.08378
ERR1594299	30	266	0.11278	885	9758	0.09069
ERR1594300	27	258	0.10465	811	9681	0.08377
ERR1594310	6	325	0.01846	421	10219	0.0412
ERR1594313	8	295	0.02712	212	10165	0.02086
ERR1594316	14	357	0.03922	371	10206	0.03635
ERR1653409	9	277	0.03249	280	9828	0.02849
ERR1653411	7	249	0.02811	245	9900	0.02475
ERR1653412	6	261	0.02299	239	9899	0.02414
ERR1653414	9	219	0.0411	232	9906	0.02342
ERR1653415	8	303	0.0264	199	9916	0.02007
ERR1653416	5	266	0.0188	215	9769	0.02201
ERR1653417	6	369	0.01626	238	9773	0.02435
ERR1653421	7	292	0.02397	277	9857	0.0281
ERR1653422	5	263	0.01901	121	9895	0.01223
ERR1653423	8	255	0.03137	187	9760	0.01916
ERR1653425	4	273	0.01465	145	9874	0.01469
ERR1653426	7	262	0.02672	212	9966	0.02127
ERR1653427	8	274	0.0292	191	9866	0.01936
ERR1653428	8	304	0.02632	213	9921	0.02147
ERR1653432	7	285	0.02456	228	9820	0.02322
ERR1653433	3	266	0.01128	136	9882	0.01376
ERR1653434	5	281	0.01779	167	9861	0.01694
ERR1653435	5	278	0.01799	180	9958	0.01808
ERR1653436	6	278	0.02158	217	9881	0.02196
ERR1653438	9	234	0.03846	207	9890	0.02093
ERR1653439	12	259	0.04633	235	9995	0.02351
ERR1653440	5	297	0.01684	143	9760	0.01465
ERR1653441	11	272	0.04044	191	10005	0.01909
ERR1653442	8	290	0.02759	142	9864	0.0144
ERR1653444	5	248	0.02016	185	9859	0.01876
ERR1653445	7	241	0.02905	233	9840	0.02368
ERR1653446	10	274	0.0365	245	10003	0.02449
ERR1653447	13	320	0.04063	349	9844	0.03545
ERR1653449	6	262	0.0229	184	9932	0.01853
ERR1653450	7	247	0.02834	215	9935	0.02164
ERR1653452	5	260	0.01923	193	9864	0.01957
ERR1653453	9	228	0.03947	275	9932	0.02769
ERR1653454	7	243	0.02881	252	9939	0.02535
ERR1653456	7	273	0.02564	228	9973	0.02286
ERR1653460	6	209	0.02871	222	9970	0.02227
ERR1653461	12	318	0.03774	308	9951	0.03095
ERR1653462	7	237	0.02954	243	9923	0.02449
ERR1653464	6	255	0.02353	203	9881	0.02054
ERR1653465	7	247	0.02834	156	9999	0.0156
ERR1653466	11	243	0.04527	206	10000	0.0206
ERR1653468	6	265	0.02264	203	9870	0.02057
ERR1653469	3	239	0.01255	165	10092	0.01635
ERR1653471	5	252	0.01984	147	9936	0.01479
ERR1653473	6	257	0.02335	117	10003	0.0117
ERR1653474	8	314	0.02548	217	9954	0.0218
ERR1653475	4	246	0.01626	106	9835	0.01078
ERR1653476	5	239	0.02092	148	9861	0.01501
ERR1653477	10	290	0.03448	190	9839	0.01931
ERR1653479	10	294	0.03401	229	10045	0.0228
ERR1653480	6	289	0.02076	176	10005	0.01759
ERR1653481	9	251	0.03586	257	9838	0.02612
ERR1653484	8	280	0.02857	259	9933	0.02607
ERR1653487	9	306	0.02941	317	10050	0.03154
ERR1653488	5	253	0.01976	176	10013	0.01758
ERR1653489	3	275	0.01091	116	9959	0.01165
ERR1653490	10	320	0.03125	231	9967	0.02318
ERR1653491	10	296	0.03378	248	9954	0.02491
ERR1653493	7	286	0.02448	201	9988	0.02012
ERR1653495	8	297	0.02694	106	9993	0.01061
ERR1653499	9	274	0.03285	264	9931	0.02658
ERR1653503	10	275	0.03636	268	9916	0.02703
ERR1653504	9	251	0.03586	231	9999	0.0231
ERR1653506	4	265	0.01509	148	9912	0.01493
ERR1653507	6	283	0.0212	103	9847	0.01046
ERR1653508	5	287	0.01742	254	9949	0.02553
ERR1653509	9	228	0.03947	229	9938	0.02304
ERR1653510	12	250	0.048	407	9955	0.04088
ERR1653512	5	257	0.01946	156	9802	0.01592
ERR1653545	8	289	0.02768	308	10012	0.03076
ERR1653546	9	283	0.0318	333	9777	0.03406
ERR1653550	4	275	0.01455	160	9940	0.0161
ERR1653552	7	258	0.02713	136	10002	0.0136
ERR1653554	6	254	0.02362	202	10001	0.0202
ERR1653559	7	281	0.02491	204	9908	0.02059
ERR1653565	4	309	0.01294	142	9899	0.01434
ERR1653566	6	281	0.02135	369	9922	0.03719
ERR1653570	5	311	0.01608	293	9870	0.02969
ERR1653571	8	304	0.02632	364	9970	0.03651
ERR1653580	10	265	0.03774	371	9950	0.03729
ERR1653583	8	318	0.02516	305	9914	0.03076
ERR1653590	3	256	0.01172	120	9927	0.01209
ERR1653591	2	266	0.00752	174	9810	0.01774
ERR1653592	4	247	0.01619	159	9973	0.01594
ERR1653594	3	306	0.0098	147	9771	0.01504
ERR1653595	4	308	0.01299	259	10079	0.0257
ERR1653597	5	316	0.01582	226	9880	0.02287
ERR1653599	8	287	0.02787	391	10017	0.03903
ERR1653601	4	262	0.01527	283	10016	0.02825
ERR1653602	8	276	0.02899	227	9958	0.0228
ERR1653603	2	238	0.0084	132	9786	0.01349
ERR1653604	10	294	0.03401	394	10036	0.03926
ERR1653606	3	258	0.01163	180	9909	0.01817
ERR1653611	4	265	0.01509	176	10010	0.01758
ERR1653615	12	289	0.04152	369	9938	0.03713
ERR1653616	10	338	0.02959	391	10110	0.03867
ERR1653621	14	295	0.04746	347	9941	0.03491
ERR1653622	5	306	0.01634	243	9791	0.02482
ERR1653623	3	276	0.01087	148	9886	0.01497
ERR1653624	4	242	0.01653	142	9980	0.01423
ERR1653625	6	263	0.02281	263	9917	0.02652
ERR1653626	8	363	0.02204	359	9734	0.03688
ERR1653627	4	289	0.01384	316	9976	0.03168
ERR1653628	5	293	0.01706	277	10013	0.02766
ERR1653631	3	329	0.00912	141	9861	0.0143
ERR1653634	8	281	0.02847	236	9864	0.02393
ERR1653635	8	295	0.02712	285	9897	0.0288
ERR1653636	13	260	0.05	402	9936	0.04046
ERR1653637	17	342	0.04971	430	10031	0.04287
ERR1653638	9	285	0.03158	432	9938	0.04347
ERR1653640	5	292	0.01712	295	9774	0.03018
ERR1653641	7	320	0.02187	233	9932	0.02346
ERR1653642	5	296	0.01689	323	9889	0.03266
ERR1653643	7	283	0.02473	365	9952	0.03668
ERR1653644	5	306	0.01634	233	9740	0.02392
ERR1653645	11	300	0.03667	357	9995	0.03572
ERR1653646	10	287	0.03484	415	10076	0.04119
ERR1653647	4	295	0.01356	325	9969	0.0326
ERR1653648	4	250	0.016	386	9984	0.03866
ERR1653649	5	288	0.01736	270	9935	0.02718
ERR1653650	9	247	0.03644	427	10048	0.0425
ERR1653653	6	337	0.0178	289	9811	0.02946
ERR1653656	5	317	0.01577	191	9871	0.01935
ERR1653657	6	271	0.02214	362	10019	0.03613
ERR1653658	6	259	0.02317	341	10006	0.03408
ERR1653664	17	278	0.06115	584	10024	0.05826
ERR1653665	4	281	0.01423	307	9745	0.0315
ERR1653666	14	261	0.05364	479	10032	0.04775
ERR1653667	16	277	0.05776	553	10017	0.05521
ERR1653668	7	280	0.025	351	9778	0.0359
ERR1653669	9	259	0.03475	521	9956	0.05233
ERR1653670	8	258	0.03101	448	10054	0.04456
ERR1653671	4	279	0.01434	378	9978	0.03788
ERR1653675	2	242	0.00826	250	9828	0.02544
ERR1653677	1	231	0.00433	158	10003	0.0158
ERR1742287	5	431	0.0116	85	10177	0.00835
ERR1742294	3	479	0.00626	40	10192	0.00392
ERR1742300	1	165	0.00606	12	10165	0.00118
ERR1742322	1	177	0.00565	23	10198	0.00226
ERR1742326	1	166	0.00602	17	10186	0.00167
ERR1742350	2	166	0.01205	40	10176	0.00393
ERR1742396	1	196	0.0051	16	10194	0.00157
ERR1742398	12	367	0.0327	748	10158	0.07364
ERR1753782	5	187	0.02674	36	10209	0.00353
ERR1753818	1	97	0.01031	30	10225	0.00293
ERR1753833	3	173	0.01734	9	10202	0.00088
ERR1753857	3	215	0.01395	34	10106	0.00336
ERR1753921	1	201	0.00498	5	10128	0.00049
ERR1753922	4	211	0.01896	40	10077	0.00397
ERR1759870	5	343	0.01458	119	10214	0.01165
ERR1801481	4	182	0.02198	178	9926	0.01793
ERR1801482	3	146	0.02055	101	9997	0.0101
ERR1801483	3	131	0.0229	250	9799	0.02551
ERR1801484	0	127	0.0	0	9882	0.0
ERR1801485	1	113	0.00885	65	9817	0.00662
ERR1801486	4	209	0.01914	146	9982	0.01463
ERR1801488	3	104	0.02885	129	10076	0.0128
ERR1801490	2	172	0.01163	156	9974	0.01564
ERR1801491	1	101	0.0099	39	10059	0.00388
ERR1801493	1	160	0.00625	144	10013	0.01438
ERR1801494	1	116	0.00862	71	9964	0.00713
ERR1801495	2	104	0.01923	92	10170	0.00905
ERR1801496	1	87	0.01149	50	9973	0.00501
ERR1801497	1	149	0.00671	16	10049	0.00159
ERR1801498	0	99	0.0	0	10047	0.0
ERR1801499	4	151	0.02649	120	10027	0.01197
ERR1801500	2	250	0.008	133	10022	0.01327
ERR1801501	0	136	0.0	0	10004	0.0
ERR1801502	3	171	0.01754	133	9914	0.01342
ERR1801504	3	207	0.01449	194	9971	0.01946
ERR1801505	0	132	0.0	0	9916	0.0
ERR1801506	1	124	0.00806	112	9981	0.01122
ERR1801507	2	85	0.02353	173	9744	0.01775
ERR1801508	1	104	0.00962	82	9858	0.00832
ERR1801509	4	170	0.02353	163	9885	0.01649
ERR1801511	1	118	0.00847	94	9910	0.00949
ERR1801516	4	156	0.02564	70	10033	0.00698
ERR1801518	2	167	0.01198	122	9795	0.01246
ERR1801521	0	180	0.0	0	10023	0.0
ERR1801531	2	179	0.01117	61	10103	0.00604
ERR1801536	3	178	0.01685	128	9878	0.01296
ERR1844383	8	488	0.01639	101	9988	0.01011
ERR1844401	18	478	0.03766	248	9986	0.02483
ERR1844408	9	383	0.0235	113	10051	0.01124
ERR1844410	7	374	0.01872	124	9946	0.01247
ERR1844418	7	365	0.01918	96	9999	0.0096
ERR1844421	9	352	0.02557	99	10011	0.00989
ERR1844432	43	603	0.07131	529	9888	0.0535
ERR1844434	83	720	0.11528	1048	9784	0.10711
ERR1844438	9	342	0.02632	120	9992	0.01201
ERR1844451	110	830	0.13253	1183	9983	0.1185
ERR1844453	99	801	0.1236	1263	9931	0.12718
ERR1844454	84	722	0.11634	1181	9975	0.1184
ERR1844457	73	601	0.12146	1092	9767	0.11181
ERR1844462	50	575	0.08696	1123	9945	0.11292
ERR1844467	74	600	0.12333	1319	9910	0.1331
ERR1844479	57	595	0.0958	1113	9840	0.11311
ERR1844483	77	603	0.12769	1258	9948	0.12646
ERR1844490	81	602	0.13455	1151	9931	0.1159
ERR1844491	85	616	0.13799	1353	9934	0.1362
ERR1844497	68	606	0.11221	1129	9971	0.11323
ERR1844498	64	600	0.10667	1241	9819	0.12639
ERR1844503	63	555	0.11351	1313	9901	0.13261
ERR1844702	51	579	0.08808	975	9871	0.09877
ERR1844703	82	602	0.13621	1462	9925	0.1473
ERR1844709	94	641	0.14665	1053	9971	0.10561
ERR1844711	65	652	0.09969	897	9878	0.09081
ERR1844712	60	637	0.09419	878	9806	0.08954
ERR1844714	56	600	0.09333	838	9923	0.08445
ERR1844720	89	670	0.13284	1376	9926	0.13863
ERR1844722	79	621	0.12721	1142	9926	0.11505
ERR1844723	57	593	0.09612	985	9884	0.09966
ERR1844726	37	470	0.07872	691	9967	0.06933
ERR1844727	69	572	0.12063	1049	9957	0.10535
ERR1844731	83	757	0.10964	1038	9937	0.10446
ERR1844733	14	436	0.03211	247	9948	0.02483
ERR1844735	41	567	0.07231	390	9967	0.03913
ERR1844964	36	650	0.05538	354	10060	0.03519
ERR1844967	35	701	0.04993	213	10082	0.02113
ERR1844983	14	436	0.03211	376	9930	0.03787
ERR1844987	26	574	0.0453	462	9975	0.04632
ERR1844993	53	796	0.06658	525	9993	0.05254
ERR1845002	67	555	0.12072	1094	9991	0.1095
ERR1864800	13	324	0.04012	150	10196	0.01471
ERR1864803	6	295	0.02034	79	10198	0.00775
ERR1896637	1	299	0.00334	19	10178	0.00187
ERR1896641	8	315	0.0254	279	10193	0.02737
ERR1896643	1	171	0.00585	8	10186	0.00079
ERR1896659	1	179	0.00559	2	10206	0.0002
ERR1896665	2	239	0.00837	50	10189	0.00491
ERR1896670	1	206	0.00485	19	10201	0.00186
ERR1896688	2	276	0.00725	26	10227	0.00254
ERR1896691	4	287	0.01394	34	10185	0.00334
ERR1896696	5	261	0.01916	92	10204	0.00902
ERR1896715	7	373	0.01877	90	10173	0.00885
ERR1896746	0	321	0.0	0	10188	0.0
ERR1896748	0	229	0.0	0	10222	0.0
ERR1896764	0	297	0.0	0	10205	0.0
ERR1896774	0	339	0.0	0	10205	0.0
ERR1896788	0	251	0.0	0	10155	0.0
ERR1896811	0	257	0.0	0	10200	0.0
ERR1896849	0	203	0.0	0	10196	0.0
ERR1896859	0	173	0.0	0	10154	0.0
ERR1896871	2	171	0.0117	104	10176	0.01022
ERR1896872	5	198	0.02525	134	10181	0.01316
ERR1896875	0	332	0.0	0	10207	0.0
ERR1896876	0	187	0.0	0	10106	0.0
ERR1896883	3	240	0.0125	19	10186	0.00187
ERR1896885	0	181	0.0	0	10160	0.0
ERR1896891	3	239	0.01255	45	10090	0.00446
ERR1896911	0	320	0.0	0	10205	0.0
ERR1896914	3	159	0.01887	39	10201	0.00382
ERR1896918	3	248	0.0121	17	10128	0.00168
ERR1896926	1	215	0.00465	7	10165	0.00069
ERR1896944	0	150	0.0	0	10186	0.0
ERR1896950	2	268	0.00746	44	10112	0.00435
ERR1896956	0	189	0.0	0	10138	0.0
ERR1896981	2	198	0.0101	71	10143	0.007
ERR1896982	3	255	0.01176	20	10140	0.00197
ERR1896987	1	178	0.00562	7	10183	0.00069
ERR1896991	5	225	0.02222	99	10054	0.00985
ERR1897028	8	158	0.05063	190	10167	0.01869
ERR1897031	13	328	0.03963	326	10140	0.03215
ERR1897053	0	179	0.0	0	10216	0.0
ERR1897056	0	195	0.0	0	10161	0.0
ERR1897057	5	252	0.01984	55	10111	0.00544
ERR1897066	8	342	0.02339	149	10132	0.01471
ERR1897077	1	166	0.00602	6	10203	0.00059
ERR1897082	3	175	0.01714	203	10175	0.01995
ERR1897092	2	221	0.00905	90	10158	0.00886
ERR1897105	4	234	0.01709	41	10108	0.00406
ERR1897120	1	169	0.00592	16	10179	0.00157
ERR1897123	1	166	0.00602	13	10200	0.00127
ERR1897125	1	205	0.00488	7	10137	0.00069
ERR1897138	0	154	0.0	0	10225	0.0
ERR1897139	2	259	0.00772	15	10116	0.00148
ERR1897145	1	165	0.00606	15	10222	0.00147
ERR1897154	2	207	0.00966	20	10164	0.00197
ERR1897162	2	166	0.01205	16	10213	0.00157
ERR1897171	1	141	0.00709	11	10197	0.00108
ERR1897175	2	181	0.01105	16	10216	0.00157
ERR1897177	1	155	0.00645	7	10194	0.00069
ERR1897182	4	233	0.01717	69	10138	0.00681
ERR1897193	2	160	0.0125	11	10194	0.00108
ERR1897195	2	165	0.01212	14	10218	0.00137
ERR1897203	0	273	0.0	0	10062	0.0
ERR1897204	1	146	0.00685	2	10220	0.0002
ERR1897217	1	245	0.00408	12	10107	0.00119
ERR1897220	0	173	0.0	0	10199	0.0
ERR1897223	2	228	0.00877	22	10080	0.00218
ERR1897229	9	216	0.04167	155	10173	0.01524
ERR1897256	3	268	0.01119	108	10144	0.01065
ERR1897264	0	216	0.0	0	10148	0.0
ERR1897266	6	320	0.01875	136	10133	0.01342
ERR1897283	0	122	0.0	0	10202	0.0
ERR1897292	7	276	0.02536	297	10097	0.02941
ERR1897293	1	191	0.00524	6	10210	0.00059
ERR1897300	3	245	0.01224	62	10099	0.00614
ERR1897303	3	230	0.01304	38	10149	0.00374
ERR1897311	8	277	0.02888	63	10126	0.00622
ERR1897333	0	142	0.0	0	10175	0.0
ERR1897340	1	195	0.00513	13	10157	0.00128
ERR1897345	1	166	0.00602	9	10186	0.00088
ERR1897348	2	238	0.0084	47	10037	0.00468
ERR1897351	3	237	0.01266	35	10185	0.00344
ERR1897356	5	223	0.02242	47	10129	0.00464
ERR1897362	3	344	0.00872	25	10169	0.00246
ERR1897364	1	149	0.00671	8	10193	0.00078
ERR1897365	11	322	0.03416	247	10085	0.02449
ERR1897367	1	196	0.0051	16	10141	0.00158
ERR1897390	1	227	0.00441	12	10090	0.00119
ERR1897398	4	203	0.0197	49	10122	0.00484
ERR1897403	3	176	0.01705	20	10174	0.00197
ERR1897411	2	172	0.01163	15	10199	0.00147
ERR1897419	1	276	0.00362	11	10200	0.00108
ERR1897420	1	226	0.00442	9	10188	0.00088
ERR1897451	0	99	0.0	0	10168	0.0
ERR1897464	2	202	0.0099	10	10050	0.001
ERR1897487	1	170	0.00588	13	10028	0.0013
ERR1897488	0	99	0.0	0	10138	0.0
ERR1897495	1	259	0.00386	2	10063	0.0002
ERR1897503	3	249	0.01205	23	10140	0.00227
ERR1897504	2	186	0.01075	94	10189	0.00923
ERR1897506	6	276	0.02174	91	10164	0.00895
ERR1897512	2	256	0.00781	40	10103	0.00396
ERR1897524	0	123	0.0	0	10117	0.0
ERR1897525	0	104	0.0	0	10127	0.0
ERR1897531	0	94	0.0	0	10098	0.0
ERR1897543	0	138	0.0	0	10033	0.0
ERR1897550	3	186	0.01613	43	10148	0.00424
ERR1897565	2	220	0.00909	14	10135	0.00138
ERR1897572	0	142	0.0	0	10000	0.0
ERR1897584	1	172	0.00581	16	10082	0.00159
ERR1897590	3	244	0.0123	21	10172	0.00206
ERR1897598	4	301	0.01329	39	10113	0.00386
ERR1897600	0	227	0.0	0	10122	0.0
ERR1897608	3	245	0.01224	20	10088	0.00198
ERR1897618	0	171	0.0	0	10095	0.0
ERR1897622	2	259	0.00772	18	10144	0.00177
ERR1897627	0	190	0.0	0	10055	0.0
ERR1897628	0	135	0.0	0	10149	0.0
ERR1897663	3	202	0.01485	109	10156	0.01073
ERR1897664	3	218	0.01376	50	10110	0.00495
ERR1897679	1	252	0.00397	19	10088	0.00188
ERR1897680	1	157	0.00637	9	10182	0.00088
ERR1897692	0	318	0.0	0	10192	0.0
ERR1897697	1	209	0.00478	18	10153	0.00177
ERR1897700	12	233	0.0515	452	10098	0.04476
ERR1897735	1	150	0.00667	7	10127	0.00069
ERR1897751	2	206	0.00971	24	10110	0.00237
ERR1897766	1	290	0.00345	13	10169	0.00128
ERR1981012	0	141	0.0	0	9978	0.0
ERR1981023	0	104	0.0	0	10156	0.0
ERR1981025	0	98	0.0	0	10151	0.0
ERR1981027	0	100	0.0	0	10177	0.0
ERR2012671	3	169	0.01775	22	10200	0.00216
ERR2012704	0	132	0.0	0	10005	0.0
ERR2012755	2	213	0.00939	7	10195	0.00069
ERR2012756	6	244	0.02459	65	10174	0.00639
ERR2012850	24	391	0.06138	1385	10013	0.13832
ERR2012910	28	542	0.05166	381	10016	0.03804
ERR2012913	16	443	0.03612	158	10113	0.01562
ERR2012922	23	525	0.04381	361	9979	0.03618
ERR2012925	26	494	0.05263	405	10165	0.03984
ERR2012969	8	349	0.02292	73	9831	0.00743
ERR2012970	3	333	0.00901	26	9727	0.00267
ERR2012972	4	345	0.01159	33	9991	0.0033
ERR2012976	26	515	0.05049	370	9797	0.03777
ERR2012983	36	580	0.06207	487	9635	0.05054
ERR2012989	29	577	0.05026	431	9943	0.04335
ERR2012992	19	570	0.03333	355	9763	0.03636
ERR2012996	24	524	0.0458	250	9989	0.02503
ERR2013009	31	609	0.0509	339	9614	0.03526
ERR2013018	19	510	0.03725	253	9864	0.02565
ERR2013028	22	350	0.06286	227	9320	0.02436
ERR2013047	28	480	0.05833	411	10205	0.04027
ERR2013051	43	599	0.07179	643	10172	0.06321
ERR2013054	31	563	0.05506	540	10128	0.05332
ERR2013057	40	565	0.0708	501	9899	0.05061
ERR2013082	19	482	0.03942	289	9572	0.03019
ERR2013084	13	557	0.02334	146	10023	0.01457
ERR2013086	12	418	0.02871	154	8494	0.01813
ERR2013089	24	494	0.04858	369	9789	0.0377
ERR2013099	21	440	0.04773	543	9951	0.05457
ERR2013113	18	540	0.03333	286	10173	0.02811
ERR2013116	16	502	0.03187	280	10122	0.02766
ERR2013125	18	488	0.03689	216	10181	0.02122
ERR2013126	29	574	0.05052	453	10195	0.04443
ERR2013149	26	594	0.04377	395	10159	0.03888
ERR2013218	20	447	0.04474	432	10185	0.04242
ERR2013224	28	551	0.05082	1147	10190	0.11256
ERR2013227	26	542	0.04797	1251	10197	0.12268
ERR2013385	17	451	0.03769	149	10182	0.01463
ERR2013398	21	488	0.04303	202	10204	0.0198
ERR2241563	0	86	0.0	0	9841	0.0
ERR2241609	0	53	0.0	0	9957	0.0
ERR2604210	0	91	0.0	0	9981	0.0
ERR2604214	0	95	0.0	0	9977	0.0
ERR2604222	0	93	0.0	0	10048	0.0
ERR2604230	0	84	0.0	0	9918	0.0
ERR2604234	0	107	0.0	0	10018	0.0
ERR2604238	0	91	0.0	0	9910	0.0
ERR2604242	0	102	0.0	0	9816	0.0
ERR2604244	0	93	0.0	0	9901	0.0
ERR2604246	0	83	0.0	0	9731	0.0
ERR2604256	0	85	0.0	0	9955	0.0
ERR2604260	0	88	0.0	0	9779	0.0
ERR2604290	0	75	0.0	0	9856	0.0
ERR2816410	5	288	0.01736	75	9891	0.00758
ERR2816450	1	142	0.00704	8	9985	0.0008
ERR2816539	0	235	0.0	0	9872	0.0
ERR2816576	3	149	0.02013	97	10020	0.00968
ERR2816579	2	144	0.01389	31	9950	0.00312
ERR2816582	8	276	0.02899	118	10006	0.01179
ERR2816603	0	147	0.0	0	9986	0.0
ERR2816632	1	97	0.01031	124	9940	0.01247
ERR2816687	0	42	0.0	0	10108	0.0
ERR2816919	1	64	0.01562	38	10030	0.00379
ERR2817054	1	79	0.01266	34	10040	0.00339
ERR2817065	2	116	0.01724	22	9971	0.00221
ERR844182	13	409	0.03178	149	10170	0.01465
ERR844188	6	360	0.01667	99	10172	0.00973
ERR844191	38	529	0.07183	643	10184	0.06314
ERR844199	23	443	0.05192	214	10129	0.02113
SRR027979	5	290	0.01724	175	8631	0.02028
SRR027980	4	340	0.01176	25	9315	0.00268
SRR027981	8	298	0.02685	233	8925	0.02611
SRR027985	9	395	0.02278	159	9244	0.0172
SRR1557179	2	282	0.00709	186	10016	0.01857
SRR1557181	4	322	0.01242	212	9973	0.02126
SRR1559234	5	288	0.01736	213	9954	0.0214
SRR1559238	8	265	0.03019	259	9943	0.02605
SRR1559243	2	250	0.008	140	9973	0.01404
SRR1559246	3	253	0.01186	226	9877	0.02288
SRR1559247	6	320	0.01875	241	9967	0.02418
SRR1559254	6	269	0.0223	394	9954	0.03958
SRR1559255	12	309	0.03883	355	9913	0.03581
SRR1559257	6	240	0.025	273	9961	0.02741
SRR1559260	10	268	0.03731	367	10095	0.03635
SRR1559261	4	258	0.0155	299	9999	0.0299
SRR1824331	8	256	0.03125	109	10074	0.01082
SRR1824333	19	559	0.03399	185	9990	0.01852
SRR1824334	10	361	0.0277	67	10041	0.00667
SRR1824338	7	441	0.01587	74	9967	0.00742
SRR1824339	4	301	0.01329	72	10021	0.00718
SRR1824341	11	451	0.02439	115	9993	0.01151
SRR1824343	9	433	0.02079	92	9947	0.00925
SRR1824345	6	241	0.0249	54	10028	0.00538
SRR1824346	13	373	0.03485	93	10040	0.00926
SRR1824347	8	421	0.019	80	9970	0.00802
SRR1824348	7	212	0.03302	79	10068	0.00785
SRR1824349	7	339	0.02065	58	10004	0.0058
SRR1824354	9	364	0.02473	191	10008	0.01908
SRR1824358	8	323	0.02477	154	10052	0.01532
SRR1824361	17	299	0.05686	304	10085	0.03014
SRR1824363	15	228	0.06579	444	10008	0.04436
SRR1824371	10	290	0.03448	122	9951	0.01226
SRR1824372	5	236	0.02119	188	9952	0.01889
SRR1824419	13	224	0.05804	164	10025	0.01636
SRR1824422	13	193	0.06736	255	9912	0.02573
SRR1824423	10	197	0.05076	130	9785	0.01329
SRR1824426	8	190	0.04211	200	9939	0.02012
SRR1824431	9	153	0.05882	171	10086	0.01695
SRR1824432	7	158	0.0443	665	10077	0.06599
SRR1824433	7	157	0.04459	446	9876	0.04516
SRR1824434	10	228	0.04386	304	10045	0.03026
SRR1824435	9	154	0.05844	415	9874	0.04203
SRR1824436	9	170	0.05294	243	9865	0.02463
SRR1824437	6	254	0.02362	288	9842	0.02926
SRR1824443	9	253	0.03557	226	10024	0.02255
SRR1952960	3	213	0.01408	44	9958	0.00442
SRR1952967	3	208	0.01442	64	9891	0.00647
SRR1952968	1	212	0.00472	26	9950	0.00261
SRR2006026	0	260	0.0	0	10202	0.0
SRR2006031	0	276	0.0	0	10235	0.0
SRR2006041	0	167	0.0	0	10226	0.0
SRR2051573	1	84	0.0119	13	10149	0.00128
SRR2051574	0	94	0.0	0	10133	0.0
SRR2051576	0	75	0.0	0	10159	0.0
SRR2051577	1	89	0.01124	8	10163	0.00079
SRR2061236	0	171	0.0	0	10240	0.0
SRR2061279	0	168	0.0	0	10237	0.0
SRR2061294	0	162	0.0	0	10226	0.0
SRR2061298	0	153	0.0	0	10218	0.0
SRR2061301	0	183	0.0	0	10206	0.0
SRR2098493	0	76	0.0	0	10035	0.0
SRR2098495	0	61	0.0	0	10128	0.0
SRR2098500	0	72	0.0	0	10144	0.0
SRR2098513	0	58	0.0	0	9882	0.0
SRR2098515	0	52	0.0	0	10162	0.0
SRR2098535	0	45	0.0	0	9794	0.0
SRR2130143	2	499	0.00401	44	10046	0.00438
SRR2130144	4	323	0.01238	57	10013	0.00569
SRR2130153	5	517	0.00967	60	10078	0.00595
SRR2549664	4	194	0.02062	44	10104	0.00435
SRR2549666	1	92	0.01087	7	10109	0.00069
SRR2549674	0	171	0.0	0	9833	0.0
SRR2549703	1	271	0.00369	5	9853	0.00051
SRR2821180	1	111	0.00901	22	10148	0.00217
SRR2821181	0	100	0.0	0	10203	0.0
SRR2821184	0	105	0.0	0	10168	0.0
SRR2821185	0	114	0.0	0	10145	0.0
SRR2821187	0	99	0.0	0	10151	0.0
SRR2827635	8	336	0.02381	200	10089	0.01982
SRR2827642	8	344	0.02326	161	10141	0.01588
SRR3068449	0	184	0.0	0	10244	0.0
SRR3098327	4	392	0.0102	37	10132	0.00365
SRR3098343	2	407	0.00491	12	10177	0.00118
SRR3741936	1	113	0.00885	109	9621	0.01133
SRR3741946	1	60	0.01667	59	9011	0.00655
SRR3742027	0	74	0.0	0	8467	0.0
SRR3742054	3	116	0.02586	245	9523	0.02573
SRR3742072	0	50	0.0	0	8334	0.0
SRR3742077	0	99	0.0	0	9129	0.0
SRR3835568	2	141	0.01418	29	10217	0.00284
SRR3879438	0	156	0.0	0	10132	0.0
SRR4384494	0	97	0.0	0	9394	0.0
SRR4384516	0	100	0.0	0	9447	0.0
SRR4436298	4	162	0.02469	455	10049	0.04528
SRR4779870	0	109	0.0	0	9935	0.0
SRR4779886	0	103	0.0	0	9603	0.0
SRR4779890	0	112	0.0	0	9815	0.0
SRR4780031	0	95	0.0	0	9037	0.0
SRR4780098	0	99	0.0	0	9595	0.0
SRR4780199	0	84	0.0	0	9936	0.0
SRR4780211	0	100	0.0	0	9064	0.0
SRR5046909	0	155	0.0	0	10134	0.0
SRR5046916	0	130	0.0	0	10137	0.0
SRR5150126	2	113	0.0177	130	9843	0.01321
SRR5150129	0	108	0.0	0	9718	0.0
SRR5150131	0	114	0.0	0	9983	0.0
SRR5150137	0	106	0.0	0	9806	0.0
SRR5150140	0	99	0.0	0	9852	0.0
SRR5150143	1	156	0.00641	139	9908	0.01403
SRR5150144	1	111	0.00901	105	10035	0.01046
SRR5150145	1	123	0.00813	8	9845	0.00081
SRR5150147	1	139	0.00719	34	9895	0.00344
SRR5150148	0	131	0.0	0	9899	0.0
SRR5150153	0	116	0.0	0	9976	0.0
SRR5150157	4	102	0.03922	374	9712	0.03851
SRR5150158	3	120	0.025	127	9928	0.01279
SRR5150159	0	112	0.0	0	9844	0.0
SRR5150166	0	115	0.0	0	9933	0.0
SRR5150171	0	109	0.0	0	9876	0.0
SRR5150175	3	101	0.0297	457	9670	0.04726
SRR5150176	1	122	0.0082	65	9926	0.00655
SRR5150179	0	131	0.0	0	9943	0.0
SRR5150180	0	119	0.0	0	9875	0.0
SRR5150181	3	82	0.03659	278	9529	0.02917
SRR5150184	5	130	0.03846	181	9836	0.0184
SRR5150185	0	94	0.0	0	9973	0.0
SRR5150193	0	134	0.0	0	9924	0.0
SRR5150196	2	87	0.02299	303	9742	0.0311
SRR5150207	1	148	0.00676	85	9995	0.0085
SRR5150208	2	115	0.01739	136	9818	0.01385
SRR5150210	4	116	0.03448	259	9937	0.02606
SRR5150214	0	131	0.0	0	9996	0.0
SRR5150217	0	118	0.0	0	10095	0.0
SRR5150219	0	132	0.0	0	9554	0.0
SRR5150222	0	113	0.0	0	9834	0.0
SRR5150229	2	107	0.01869	125	10015	0.01248
SRR5150231	0	84	0.0	0	10146	0.0
SRR5150232	3	85	0.03529	399	9689	0.04118
SRR5150236	3	117	0.02564	285	10141	0.0281
SRR5150237	0	102	0.0	0	9668	0.0
SRR5150238	0	151	0.0	0	9829	0.0
SRR5150240	2	129	0.0155	56	9915	0.00565
SRR5150242	0	112	0.0	0	10173	0.0
SRR5150246	0	113	0.0	0	9836	0.0
SRR5150248	2	99	0.0202	296	9904	0.02989
SRR5150249	3	126	0.02381	129	9949	0.01297
SRR5150251	1	133	0.00752	101	9901	0.0102
SRR5150253	1	143	0.00699	146	9820	0.01487
SRR5150255	0	133	0.0	0	10016	0.0
SRR5150257	0	80	0.0	0	10136	0.0
SRR5150258	4	154	0.02597	185	8908	0.02077
SRR5150259	3	121	0.02479	139	9868	0.01409
SRR5150260	2	116	0.01724	186	9803	0.01897
SRR5150261	0	88	0.0	0	10150	0.0
SRR5150265	0	126	0.0	0	10002	0.0
SRR5150267	0	116	0.0	0	9832	0.0
SRR5150268	0	136	0.0	0	9963	0.0
SRR5150270	0	114	0.0	0	9940	0.0
SRR5155511	1	129	0.00775	18	10158	0.00177
SRR5155515	0	115	0.0	0	10225	0.0
SRR5155520	0	91	0.0	0	10184	0.0
SRR5155523	0	155	0.0	0	10212	0.0
SRR5155537	2	161	0.01242	73	10199	0.00716
SRR5155540	0	64	0.0	0	10227	0.0
SRR5155543	0	144	0.0	0	10222	0.0
SRR5155555	0	119	0.0	0	10214	0.0
SRR5327699	1	126	0.00794	434	9069	0.04786
SRR5570706	9	444	0.02027	334	10159	0.03288
SRR5570707	12	516	0.02326	208	10181	0.02043
SRR5570715	7	420	0.01667	154	10122	0.01521
SRR5570720	11	476	0.02311	426	10124	0.04208
SRR5570725	20	564	0.03546	270	10112	0.0267
SRR5570734	13	417	0.03118	352	10056	0.035
SRR5570742	13	540	0.02407	300	10118	0.02965
SRR5570749	28	549	0.051	341	10126	0.03368
SRR5570759	17	650	0.02615	302	10031	0.03011
SRR5570761	24	615	0.03902	319	10156	0.03141
SRR5570762	19	593	0.03204	302	10152	0.02975
SRR5570764	22	565	0.03894	341	10070	0.03386
SRR5570766	26	591	0.04399	341	10108	0.03374
SRR5570779	9	411	0.0219	395	10084	0.03917
SRR5570792	8	427	0.01874	193	10045	0.01921
SRR5570805	7	546	0.01282	216	10186	0.02121
SRR5570806	18	455	0.03956	713	10106	0.07055
SRR5591493	1	144	0.00694	10	10225	0.00098
SRR5591510	1	143	0.00699	97	10219	0.00949
SRR5591516	0	170	0.0	0	10200	0.0
SRR5595792	13	544	0.0239	163	10116	0.01611
SRR5595802	21	518	0.04054	434	10132	0.04283
SRR5595809	12	460	0.02609	630	10123	0.06223
SRR5595875	23	426	0.05399	387	10085	0.03837
SRR5595876	8	396	0.0202	244	10141	0.02406
SRR5595883	5	523	0.00956	64	10143	0.00631
SRR5595925	11	443	0.02483	325	10161	0.03199
SRR5595926	8	470	0.01702	281	10137	0.02772
SRR5595939	31	425	0.07294	465	10108	0.046
SRR5617429	0	104	0.0	0	10200	0.0
SRR5617466	0	65	0.0	0	10228	0.0
SRR5617481	2	106	0.01887	56	10153	0.00552
SRR5626054	3	230	0.01304	80	10232	0.00782
SRR5626057	1	176	0.00568	7	10243	0.00068
SRR5626059	1	254	0.00394	29	10237	0.00283
SRR5626060	3	328	0.00915	18	10232	0.00176
SRR5626168	2	303	0.0066	12	10246	0.00117
SRR5626169	3	260	0.01154	42	10232	0.0041
SRR5626170	3	243	0.01235	32	10237	0.00313
SRR5626194	0	229	0.0	0	10224	0.0
SRR5626195	1	264	0.00379	12	10237	0.00117
SRR5626197	3	361	0.00831	71	10238	0.00693
SRR5626198	4	219	0.01826	79	10234	0.00772
SRR5626199	3	199	0.01508	45	10228	0.0044
SRR5626203	2	325	0.00615	38	10238	0.00371
SRR5626208	1	227	0.00441	16	10242	0.00156
SRR5827497	0	73	0.0	0	10223	0.0
SRR5827514	0	129	0.0	0	10176	0.0
SRR5827519	1	184	0.00543	13	10202	0.00127
SRR5908592	1	79	0.01266	75	10078	0.00744
SRR5908604	0	92	0.0	0	9941	0.0
SRR5908682	2	84	0.02381	108	9930	0.01088
SRR5908687	0	65	0.0	0	9914	0.0
SRR5908693	0	81	0.0	0	9944	0.0
SRR5908742	0	89	0.0	0	9948	0.0
SRR5908745	0	82	0.0	0	9941	0.0
SRR6235175	3	175	0.01714	39	10233	0.00381
SRR6235206	1	94	0.01064	22	9998	0.0022
SRR6235214	5	229	0.02183	73	10226	0.00714
SRR6287204	0	75	0.0	0	10246	0.0
SRR6287205	0	92	0.0	0	10225	0.0
SRR6287206	0	74	0.0	0	10230	0.0
SRR6287208	0	79	0.0	0	10236	0.0
SRR6287209	0	76	0.0	0	10242	0.0
SRR6287211	0	90	0.0	0	10205	0.0
SRR6287214	0	60	0.0	0	10223	0.0
SRR6287221	0	82	0.0	0	10224	0.0
SRR6287227	0	102	0.0	0	10233	0.0
SRR6287229	0	93	0.0	0	10232	0.0
SRR6287231	0	109	0.0	0	10217	0.0
SRR6287232	0	94	0.0	0	10238	0.0
SRR6287238	0	99	0.0	0	10232	0.0
SRR6287246	0	52	0.0	0	10226	0.0
SRR6287259	0	90	0.0	0	10213	0.0
SRR6287268	0	99	0.0	0	10229	0.0
SRR6287269	0	85	0.0	0	10237	0.0
SRR6287270	0	75	0.0	0	10241	0.0
SRR6287271	0	98	0.0	0	10214	0.0
SRR6287273	0	74	0.0	0	10228	0.0
SRR6287274	0	73	0.0	0	10216	0.0
SRR6287275	0	73	0.0	0	10229	0.0
SRR6287277	0	89	0.0	0	10233	0.0
SRR6287278	0	106	0.0	0	10240	0.0
SRR6287280	0	81	0.0	0	10238	0.0
SRR6287282	0	58	0.0	0	10231	0.0
SRR6287285	0	71	0.0	0	10217	0.0
SRR6287298	0	103	0.0	0	10227	0.0
SRR6287299	0	86	0.0	0	10212	0.0
SRR6287305	0	61	0.0	0	10224	0.0
SRR6287306	0	83	0.0	0	10226	0.0
SRR6287321	0	94	0.0	0	10212	0.0
SRR6287323	0	68	0.0	0	10179	0.0
SRR6287324	0	84	0.0	0	10223	0.0
SRR6287329	0	45	0.0	0	10239	0.0
SRR6287332	0	106	0.0	0	10198	0.0
SRR6287335	0	92	0.0	0	10218	0.0
SRR6287337	0	77	0.0	0	10222	0.0
SRR6287338	0	70	0.0	0	10228	0.0
SRR6287342	0	69	0.0	0	10237	0.0
SRR6287343	0	94	0.0	0	10227	0.0
SRR6287346	0	111	0.0	0	10212	0.0
SRR6287347	0	98	0.0	0	10244	0.0
SRR6287351	0	84	0.0	0	10244	0.0
SRR6325756	2	249	0.00803	29	10226	0.00284
SRR6325757	5	302	0.01656	95	10203	0.00931
SRR6325758	5	367	0.01362	34	10229	0.00332
SRR6325759	4	336	0.0119	33	10226	0.00323
SRR6325761	5	306	0.01634	49	10232	0.00479
SRR6325762	5	323	0.01548	41	10231	0.00401
SRR6325763	9	323	0.02786	110	10187	0.0108
SRR6325764	2	315	0.00635	18	10220	0.00176
SRR6325765	3	483	0.00621	43	10210	0.00421
SRR6325766	6	313	0.01917	102	10206	0.00999
SRR6325767	7	373	0.01877	56	10225	0.00548
SRR6325768	2	324	0.00617	23	10209	0.00225
SRR6325769	5	319	0.01567	89	10196	0.00873
SRR6325770	6	358	0.01676	97	10209	0.0095
SRR6325771	10	409	0.02445	177	10226	0.01731
SRR6325772	9	298	0.0302	101	10216	0.00989
SRR6340152	16	495	0.03232	306	10151	0.03014
SRR6340153	34	572	0.05944	526	10125	0.05195
SRR6340154	20	573	0.0349	291	10159	0.02864
SRR6340155	19	533	0.03565	319	10185	0.03132
SRR6340156	23	527	0.04364	434	10159	0.04272
SRR6340157	14	519	0.02697	166	10205	0.01627
SRR6340158	24	550	0.04364	253	10171	0.02487
SRR6340160	11	419	0.02625	150	10171	0.01475
SRR6340161	20	477	0.04193	254	10140	0.02505
SRR6340162	17	494	0.03441	180	10167	0.0177
SRR6340164	29	556	0.05216	348	10208	0.03409
SRR6340166	23	609	0.03777	263	10194	0.0258
SRR6340167	31	623	0.04976	448	10137	0.04419
SRR6340168	31	530	0.05849	668	10156	0.06577
SRR6340169	24	566	0.0424	376	10184	0.03692
SRR6340170	22	572	0.03846	320	10160	0.0315
SRR6340171	16	656	0.02439	216	10180	0.02122
SRR6340172	16	615	0.02602	261	10145	0.02573
SRR6340173	25	539	0.04638	349	10154	0.03437
SRR6340174	24	585	0.04103	462	10117	0.04567
SRR6340175	13	540	0.02407	162	10174	0.01592
SRR6340176	20	467	0.04283	626	10187	0.06145
SRR6340177	13	569	0.02285	203	10185	0.01993
SRR6340178	17	496	0.03427	463	10198	0.0454
SRR6340179	32	563	0.05684	600	10155	0.05908
SRR6340181	43	596	0.07215	586	10172	0.05761
SRR6340182	28	545	0.05138	427	10141	0.04211
SRR6340183	34	545	0.06239	499	10153	0.04915
SRR6340185	17	577	0.02946	403	10138	0.03975
SRR6508103	0	58	0.0	0	9896	0.0
SRR6508114	0	68	0.0	0	9976	0.0
SRR6508120	0	63	0.0	0	9921	0.0
SRR6508121	2	55	0.03636	112	9936	0.01127
SRR6508125	1	72	0.01389	122	10075	0.01211
SRR6508127	0	54	0.0	0	9828	0.0
SRR6508129	0	53	0.0	0	10018	0.0
SRR6508131	0	47	0.0	0	10070	0.0
SRR6508133	1	50	0.02	57	10058	0.00567
SRR6508134	1	71	0.01408	63	9922	0.00635
SRR6508143	1	53	0.01887	47	10076	0.00466
SRR6511218	0	49	0.0	0	10183	0.0
SRR6511224	0	65	0.0	0	10189	0.0
SRR6511225	0	100	0.0	0	10143	0.0
SRR6511226	0	70	0.0	0	10167	0.0
SRR6511227	0	77	0.0	0	10202	0.0
SRR6511230	0	97	0.0	0	10139	0.0
SRR6511231	0	74	0.0	0	10113	0.0
SRR6511234	2	143	0.01399	48	10156	0.00473
SRR6511235	1	156	0.00641	16	10114	0.00158
SRR6511240	0	85	0.0	0	10102	0.0
SRR6511241	0	69	0.0	0	10225	0.0
SRR6511253	1	71	0.01408	25	10229	0.00244
SRR6511259	1	67	0.01493	38	10158	0.00374
SRR6511261	1	89	0.01124	55	10215	0.00538
SRR6511262	2	121	0.01653	56	10145	0.00552
SRR6511266	2	136	0.01471	94	10126	0.00928
SRR6511268	0	141	0.0	0	10170	0.0
SRR6511270	1	71	0.01408	27	10178	0.00265
SRR6511271	0	101	0.0	0	10181	0.0
SRR6511281	0	96	0.0	0	10175	0.0
SRR6511282	0	81	0.0	0	10233	0.0
SRR6511283	1	97	0.01031	104	10085	0.01031
SRR6511284	0	93	0.0	0	10204	0.0
SRR6511285	0	97	0.0	0	10182	0.0
SRR6511291	2	141	0.01418	47	10163	0.00462
SRR6511292	0	95	0.0	0	10157	0.0
SRR6511293	0	99	0.0	0	10133	0.0
SRR6511301	1	120	0.00833	15	10134	0.00148
SRR6511302	0	93	0.0	0	10152	0.0
SRR6511303	1	70	0.01429	8	10141	0.00079
SRR6511304	2	94	0.02128	55	10228	0.00538
SRR6511308	0	97	0.0	0	10178	0.0
SRR6511310	0	76	0.0	0	10119	0.0
SRR6511311	2	82	0.02439	35	10186	0.00344
SRR6511312	0	95	0.0	0	10114	0.0
SRR6511313	0	88	0.0	0	10170	0.0
SRR6511316	0	83	0.0	0	10179	0.0
SRR6511317	2	85	0.02353	86	10166	0.00846
SRR6511686	0	78	0.0	0	10165	0.0
SRR6511706	0	70	0.0	0	10128	0.0
SRR6511716	0	97	0.0	0	10053	0.0
SRR6511717	0	96	0.0	0	10128	0.0
SRR6511724	0	108	0.0	0	10062	0.0
SRR6511736	1	125	0.008	65	10033	0.00648
SRR6511744	4	111	0.03604	103	10140	0.01016
SRR6511753	0	93	0.0	0	10146	0.0
SRR6511758	0	80	0.0	0	10206	0.0
SRR6962106	1	154	0.00649	24	10187	0.00236
SRR6962108	2	149	0.01342	67	10206	0.00656
SRR6962109	2	178	0.01124	50	10163	0.00492
SRR6962110	1	166	0.00602	12	10189	0.00118
SRR6962111	1	204	0.0049	18	10195	0.00177
SRR6962112	2	181	0.01105	21	10187	0.00206
SRR6962113	1	166	0.00602	30	10146	0.00296
SRR6962114	0	159	0.0	0	10220	0.0
SRR6962115	1	125	0.008	21	10193	0.00206
SRR6962116	1	137	0.0073	83	10172	0.00816
SRR7091533	0	157	0.0	0	10067	0.0
SRR7221447	0	130	0.0	0	10253	0.0
SRR7275938	0	68	0.0	0	10232	0.0
SRR7286093	2	85	0.02353	27	10223	0.00264
SRR7286098	1	111	0.00901	33	10182	0.00324
SRR7633193	1	129	0.00775	11	10030	0.0011
TARA042DCM	0	72	0.0	0	7528	0.0
TARA056MES	0	62	0.0	0	9098	0.0
TARA062SRF	0	45	0.0	0	9110	0.0
TARA109SRF	0	83	0.0	0	8489	0.0
TARA123MIX	0	51	0.0	0	8900	0.0
TARA124SRF	0	43	0.0	0	8843	0.0
TARA133DCM	0	52	0.0	0	8994	0.0
TARA150DCM	0	53	0.0	0	9071	0.0
