DRR027530	2	81	0.02469	45	9884	0.00455
DRR027533	1	120	0.00833	18	9728	0.00185
DRR028683	1	130	0.00769	18	10215	0.00176
DRR028690	2	136	0.01471	20	10214	0.00196
DRR028692	0	147	0.0	0	10209	0.0
DRR028695	1	164	0.0061	9	10229	0.00088
DRR028723	0	215	0.0	0	10168	0.0
DRR028737	0	222	0.0	0	10202	0.0
DRR028749	0	154	0.0	0	10177	0.0
DRR057927	1	364	0.00275	20	9678	0.00207
DRR057928	2	363	0.00551	23	9576	0.0024
DRR057929	1	328	0.00305	16	9519	0.00168
DRR057934	0	323	0.0	0	9801	0.0
DRR060143	0	416	0.0	0	10085	0.0
DRR060150	1	298	0.00336	11	10114	0.00109
DRR060159	0	390	0.0	0	10024	0.0
DRR060165	0	541	0.0	0	10119	0.0
DRR060166	0	500	0.0	0	9772	0.0
DRR060169	0	584	0.0	0	10072	0.0
DRR065508	0	517	0.0	0	10018	0.0
DRR065509	2	485	0.00412	11	10084	0.00109
DRR065513	1	561	0.00178	9	10058	0.00089
DRR065514	0	570	0.0	0	10079	0.0
DRR065515	0	537	0.0	0	10121	0.0
DRR065526	0	547	0.0	0	10143	0.0
DRR065529	1	455	0.0022	11	10109	0.00109
DRR065533	1	467	0.00214	11	10136	0.00109
DRR065543	0	528	0.0	0	9948	0.0
DRR065546	2	580	0.00345	9	10133	0.00089
DRR065547	0	542	0.0	0	10098	0.0
DRR065548	1	567	0.00176	4	10067	0.0004
DRR065555	1	547	0.00183	13	10060	0.00129
DRR065556	0	524	0.0	0	9986	0.0
DRR065560	1	563	0.00178	5	10066	0.0005
DRR065564	0	490	0.0	0	10114	0.0
DRR065566	1	439	0.00228	7	10068	0.0007
DRR065567	2	457	0.00438	26	10080	0.00258
DRR065568	1	483	0.00207	12	10129	0.00118
DRR065569	2	468	0.00427	43	10077	0.00427
DRR075441	2	155	0.0129	58	9972	0.00582
DRR089775	0	27	0.0	0	9982	0.0
DRR089777	0	33	0.0	0	9956	0.0
ERR1103000	0	61	0.0	0	10116	0.0
ERR1103029	0	74	0.0	0	10033	0.0
ERR1103102	0	61	0.0	0	10045	0.0
ERR1103123	0	80	0.0	0	10010	0.0
ERR1103129	0	64	0.0	0	9976	0.0
ERR1103145	0	56	0.0	0	9973	0.0
ERR1103177	0	69	0.0	0	10081	0.0
ERR1103192	0	37	0.0	0	9739	0.0
ERR1103247	0	64	0.0	0	9832	0.0
ERR1103250	0	40	0.0	0	9954	0.0
ERR1103251	1	63	0.01587	32	9798	0.00327
ERR1103252	0	65	0.0	0	9920	0.0
ERR1103262	1	61	0.01639	104	9860	0.01055
ERR1103267	0	76	0.0	0	9841	0.0
ERR1103270	0	51	0.0	0	9777	0.0
ERR1103274	0	44	0.0	0	9924	0.0
ERR1103278	0	56	0.0	0	9601	0.0
ERR1103290	1	66	0.01515	61	9906	0.00616
ERR1103301	0	59	0.0	0	9323	0.0
ERR1103302	0	64	0.0	0	9640	0.0
ERR1103303	0	75	0.0	0	9324	0.0
ERR1103316	0	67	0.0	0	9761	0.0
ERR1103322	0	42	0.0	0	9476	0.0
ERR1103324	0	43	0.0	0	9354	0.0
ERR1103329	0	51	0.0	0	9606	0.0
ERR1103340	0	54	0.0	0	9555	0.0
ERR1103343	0	65	0.0	0	9485	0.0
ERR1103345	0	63	0.0	0	9601	0.0
ERR1103349	0	71	0.0	0	9541	0.0
ERR1103369	0	54	0.0	0	9395	0.0
ERR1202025	2	176	0.01136	20	10192	0.00196
ERR1202026	1	187	0.00535	18	10208	0.00176
ERR1202031	1	168	0.00595	10	10227	0.00098
ERR1202032	2	168	0.0119	40	10229	0.00391
ERR1202034	1	208	0.00481	15	10156	0.00148
ERR1202038	2	208	0.00962	32	10156	0.00315
ERR1202043	3	187	0.01604	46	10192	0.00451
ERR1202045	2	163	0.01227	16	10229	0.00156
ERR1419289	0	288	0.0	0	10124	0.0
ERR1419290	2	505	0.00396	34	10141	0.00335
ERR1419291	0	247	0.0	0	10137	0.0
ERR1419292	2	461	0.00434	20	10112	0.00198
ERR1419297	1	501	0.002	12	10173	0.00118
ERR1419301	0	384	0.0	0	10098	0.0
ERR1419302	1	430	0.00233	6	10113	0.00059
ERR1512316	3	202	0.01485	16	10123	0.00158
ERR1512337	0	342	0.0	0	10102	0.0
ERR1512346	0	231	0.0	0	10106	0.0
ERR1512349	2	163	0.01227	78	10063	0.00775
ERR1512353	3	337	0.0089	22	10038	0.00219
ERR1512354	1	291	0.00344	6	10077	0.0006
ERR1520149	1	248	0.00403	19	9515	0.002
ERR1520196	2	230	0.0087	67	9715	0.0069
ERR1520219	0	184	0.0	0	9927	0.0
ERR1520223	1	197	0.00508	21	9985	0.0021
ERR1530739	0	101	0.0	0	10214	0.0
ERR1530740	0	119	0.0	0	10216	0.0
ERR1530759	2	156	0.01282	17	10217	0.00166
ERR1530774	0	113	0.0	0	10235	0.0
ERR1530784	0	128	0.0	0	10229	0.0
ERR1535947	0	200	0.0	0	10157	0.0
ERR1535950	0	207	0.0	0	10130	0.0
ERR1535970	1	281	0.00356	21	10169	0.00207
ERR1535974	1	267	0.00375	15	10164	0.00148
ERR1538555	0	240	0.0	0	10137	0.0
ERR1538556	1	514	0.00195	14	10125	0.00138
ERR1538559	0	542	0.0	0	10188	0.0
ERR1538576	3	702	0.00427	19	10095	0.00188
ERR1538579	2	624	0.00321	15	10125	0.00148
ERR1538581	0	261	0.0	0	10148	0.0
ERR1538582	1	530	0.00189	10	10115	0.00099
ERR1538585	1	575	0.00174	4	10128	0.00039
ERR1538586	0	259	0.0	0	10143	0.0
ERR1538588	1	499	0.002	9	10126	0.00089
ERR1538592	1	559	0.00179	14	10139	0.00138
ERR1538655	0	199	0.0	0	10156	0.0
ERR1538676	1	480	0.00208	10	10109	0.00099
ERR1538678	0	679	0.0	0	10055	0.0
ERR1538681	0	836	0.0	0	10114	0.0
ERR1538684	0	704	0.0	0	10017	0.0
ERR1538689	0	595	0.0	0	10099	0.0
ERR1538755	0	678	0.0	0	10099	0.0
ERR1538766	0	650	0.0	0	10014	0.0
ERR1538801	2	610	0.00328	17	10163	0.00167
ERR1538826	0	387	0.0	0	10177	0.0
ERR1538831	0	353	0.0	0	10165	0.0
ERR1538842	0	740	0.0	0	10078	0.0
ERR1538886	1	662	0.00151	10	10081	0.00099
ERR1543757	0	559	0.0	0	10052	0.0
ERR1543765	0	559	0.0	0	10069	0.0
ERR1543798	1	186	0.00538	48	10143	0.00473
ERR1543799	2	220	0.00909	73	10154	0.00719
ERR1543827	1	179	0.00559	9	10224	0.00088
ERR1543831	1	182	0.00549	23	10199	0.00226
ERR1543844	1	188	0.00532	15	10189	0.00147
ERR1543845	3	257	0.01167	90	10205	0.00882
ERR1543849	1	273	0.00366	19	10154	0.00187
ERR1543864	0	191	0.0	0	10161	0.0
ERR1543865	1	203	0.00493	20	10217	0.00196
ERR1543866	0	127	0.0	0	10197	0.0
ERR1543875	1	167	0.00599	16	10159	0.00157
ERR1543885	1	181	0.00552	11	10188	0.00108
ERR1543886	1	190	0.00526	18	10204	0.00176
ERR1543888	0	132	0.0	0	10205	0.0
ERR1543892	0	255	0.0	0	10141	0.0
ERR1543893	3	225	0.01333	44	10159	0.00433
ERR1543894	1	174	0.00575	9	10206	0.00088
ERR1543895	2	200	0.01	28	10211	0.00274
ERR1543898	0	131	0.0	0	10220	0.0
ERR1543906	0	267	0.0	0	10147	0.0
ERR1543928	3	223	0.01345	66	10183	0.00648
ERR1543934	1	153	0.00654	24	10197	0.00235
ERR1543935	1	160	0.00625	21	10214	0.00206
ERR1543936	2	192	0.01042	39	10218	0.00382
ERR1544013	0	87	0.0	0	10215	0.0
ERR1544015	0	99	0.0	0	10241	0.0
ERR1544016	0	85	0.0	0	10231	0.0
ERR1544027	0	69	0.0	0	10233	0.0
ERR1544106	0	110	0.0	0	10218	0.0
ERR1544119	0	91	0.0	0	10225	0.0
ERR1544127	0	119	0.0	0	10224	0.0
ERR1544130	0	121	0.0	0	10212	0.0
ERR1544160	0	127	0.0	0	10203	0.0
ERR1544169	0	99	0.0	0	10236	0.0
ERR1544194	0	141	0.0	0	10205	0.0
ERR1544224	0	115	0.0	0	10229	0.0
ERR1544276	0	132	0.0	0	10207	0.0
ERR1544292	0	412	0.0	0	10164	0.0
ERR1544295	0	412	0.0	0	10173	0.0
ERR1544297	0	373	0.0	0	10170	0.0
ERR1544309	0	328	0.0	0	10159	0.0
ERR1544314	0	253	0.0	0	10197	0.0
ERR1544316	0	292	0.0	0	10197	0.0
ERR1544322	0	443	0.0	0	10164	0.0
ERR1544323	0	413	0.0	0	10182	0.0
ERR1544326	0	298	0.0	0	10194	0.0
ERR1544337	0	322	0.0	0	10188	0.0
ERR1544340	0	365	0.0	0	10174	0.0
ERR1544344	0	215	0.0	0	10229	0.0
ERR1544347	0	259	0.0	0	10204	0.0
ERR1544352	0	279	0.0	0	10179	0.0
ERR1544365	0	283	0.0	0	10176	0.0
ERR1544369	0	363	0.0	0	10151	0.0
ERR1544372	0	221	0.0	0	10210	0.0
ERR1544374	0	325	0.0	0	10186	0.0
ERR1544377	0	316	0.0	0	10170	0.0
ERR1544393	0	373	0.0	0	10199	0.0
ERR1544413	0	301	0.0	0	10205	0.0
ERR1544421	0	239	0.0	0	10214	0.0
ERR1544669	1	377	0.00265	17	10115	0.00168
ERR1544673	2	425	0.00471	22	10134	0.00217
ERR1545578	1	416	0.0024	3	10094	0.0003
ERR1545580	2	403	0.00496	25	10147	0.00246
ERR1545581	2	415	0.00482	37	10110	0.00366
ERR1545582	3	338	0.00888	82	10165	0.00807
ERR1545583	1	403	0.00248	30	10139	0.00296
ERR1545584	0	368	0.0	0	10163	0.0
ERR1545585	2	405	0.00494	22	10148	0.00217
ERR1545586	1	408	0.00245	22	10159	0.00217
ERR1545587	3	388	0.00773	60	10174	0.0059
ERR1545590	2	392	0.0051	28	10123	0.00277
ERR1545591	1	387	0.00258	17	10120	0.00168
ERR1545592	1	307	0.00326	11	10158	0.00108
ERR1545593	1	362	0.00276	12	10150	0.00118
ERR1545594	1	379	0.00264	19	10122	0.00188
ERR1545595	1	412	0.00243	15	10075	0.00149
ERR1545596	2	375	0.00533	39	10141	0.00385
ERR1545597	0	364	0.0	0	10157	0.0
ERR1545598	2	384	0.00521	34	10101	0.00337
ERR1545599	1	414	0.00242	23	10146	0.00227
ERR1545608	1	419	0.00239	25	10131	0.00247
ERR1545609	2	399	0.00501	20	10145	0.00197
ERR1545612	0	365	0.0	0	10142	0.0
ERR1545613	2	360	0.00556	14	10154	0.00138
ERR1545614	0	428	0.0	0	10153	0.0
ERR1545615	3	424	0.00708	47	10158	0.00463
ERR1545616	0	455	0.0	0	10110	0.0
ERR1545618	0	426	0.0	0	10136	0.0
ERR1545619	0	401	0.0	0	10130	0.0
ERR1545622	1	450	0.00222	19	10113	0.00188
ERR1545626	1	448	0.00223	7	10143	0.00069
ERR1545629	0	420	0.0	0	10132	0.0
ERR1545634	2	595	0.00336	10	10203	0.00098
ERR1545636	0	444	0.0	0	10111	0.0
ERR1545638	1	428	0.00234	10	10155	0.00098
ERR1545643	0	419	0.0	0	10147	0.0
ERR1545644	2	460	0.00435	13	10141	0.00128
ERR1545651	2	357	0.0056	29	10136	0.00286
ERR1545652	2	355	0.00563	42	10131	0.00415
ERR1545653	0	386	0.0	0	10094	0.0
ERR1545655	1	418	0.00239	28	10132	0.00276
ERR1545656	2	412	0.00485	27	10092	0.00268
ERR1545658	3	479	0.00626	41	10100	0.00406
ERR1545659	1	456	0.00219	7	10161	0.00069
ERR1545660	1	424	0.00236	25	10116	0.00247
ERR1545661	2	408	0.0049	43	10132	0.00424
ERR1545662	2	408	0.0049	24	10142	0.00237
ERR1545663	0	401	0.0	0	10166	0.0
ERR1545664	1	391	0.00256	14	10132	0.00138
ERR1545665	2	402	0.00498	25	10047	0.00249
ERR1545666	1	398	0.00251	11	10159	0.00108
ERR1545667	0	391	0.0	0	10122	0.0
ERR1545668	0	411	0.0	0	10117	0.0
ERR1545670	1	405	0.00247	23	10148	0.00227
ERR1545672	2	653	0.00306	13	10217	0.00127
ERR1545673	1	411	0.00243	8	10115	0.00079
ERR1545674	1	426	0.00235	18	10124	0.00178
ERR1545675	3	428	0.00701	45	10080	0.00446
ERR1545676	0	417	0.0	0	10080	0.0
ERR1546940	0	298	0.0	0	10191	0.0
ERR1546941	0	322	0.0	0	10150	0.0
ERR1546942	0	340	0.0	0	10171	0.0
ERR1546945	0	310	0.0	0	10172	0.0
ERR1546950	0	359	0.0	0	10161	0.0
ERR1546953	0	322	0.0	0	10165	0.0
ERR1546965	0	266	0.0	0	10181	0.0
ERR1546966	0	270	0.0	0	10165	0.0
ERR1546970	0	277	0.0	0	10180	0.0
ERR1546994	0	224	0.0	0	10191	0.0
ERR1546999	0	240	0.0	0	10184	0.0
ERR1547000	0	246	0.0	0	10174	0.0
ERR1547001	0	240	0.0	0	10177	0.0
ERR1547002	0	240	0.0	0	10170	0.0
ERR1547131	0	335	0.0	0	10186	0.0
ERR1547132	0	343	0.0	0	10164	0.0
ERR1547136	0	349	0.0	0	10180	0.0
ERR1547138	0	369	0.0	0	10127	0.0
ERR1547145	0	342	0.0	0	10182	0.0
ERR1547173	0	252	0.0	0	10201	0.0
ERR1547175	0	240	0.0	0	10226	0.0
ERR1547182	0	256	0.0	0	10218	0.0
ERR1557980	0	461	0.0	0	10112	0.0
ERR1557985	0	476	0.0	0	10157	0.0
ERR1557988	2	498	0.00402	15	10199	0.00147
ERR1557996	2	463	0.00432	18	10235	0.00176
ERR1558020	0	362	0.0	0	10160	0.0
ERR1558032	0	320	0.0	0	10198	0.0
ERR1558034	0	311	0.0	0	10184	0.0
ERR1558037	0	444	0.0	0	10197	0.0
ERR1558054	0	494	0.0	0	10195	0.0
ERR1558058	0	508	0.0	0	10168	0.0
ERR1558061	0	461	0.0	0	10177	0.0
ERR1558077	0	593	0.0	0	10154	0.0
ERR1558084	0	535	0.0	0	10138	0.0
ERR1558764	0	265	0.0	0	10219	0.0
ERR1558771	0	336	0.0	0	10182	0.0
ERR1559040	0	567	0.0	0	10048	0.0
ERR1559043	0	583	0.0	0	10074	0.0
ERR1559046	0	540	0.0	0	10034	0.0
ERR1559052	0	578	0.0	0	10068	0.0
ERR1559058	0	555	0.0	0	10069	0.0
ERR1559059	0	538	0.0	0	10057	0.0
ERR1559061	0	568	0.0	0	9915	0.0
ERR1559067	0	530	0.0	0	10035	0.0
ERR1559071	0	538	0.0	0	10054	0.0
ERR1559074	0	546	0.0	0	10046	0.0
ERR1559075	0	511	0.0	0	10062	0.0
ERR1559076	0	490	0.0	0	10097	0.0
ERR1559080	0	575	0.0	0	10047	0.0
ERR1559081	0	531	0.0	0	9976	0.0
ERR1559082	0	522	0.0	0	9964	0.0
ERR1559084	0	583	0.0	0	9979	0.0
ERR1559090	0	564	0.0	0	9981	0.0
ERR1559092	0	523	0.0	0	10008	0.0
ERR1559093	0	542	0.0	0	10065	0.0
ERR1559095	0	606	0.0	0	9997	0.0
ERR1559101	0	524	0.0	0	10016	0.0
ERR1559104	0	505	0.0	0	10059	0.0
ERR1559116	0	483	0.0	0	10012	0.0
ERR1559219	0	625	0.0	0	10019	0.0
ERR1559234	0	524	0.0	0	10070	0.0
ERR1559247	0	546	0.0	0	10045	0.0
ERR1559249	0	537	0.0	0	10111	0.0
ERR1559261	0	555	0.0	0	10068	0.0
ERR1559276	0	538	0.0	0	10013	0.0
ERR1559278	0	576	0.0	0	10085	0.0
ERR1559309	0	536	0.0	0	10047	0.0
ERR1559310	0	565	0.0	0	10030	0.0
ERR1559316	0	565	0.0	0	10082	0.0
ERR1559317	0	565	0.0	0	10103	0.0
ERR1559319	0	584	0.0	0	10075	0.0
ERR1559337	0	454	0.0	0	10097	0.0
ERR1559342	0	430	0.0	0	10085	0.0
ERR1559344	0	522	0.0	0	10027	0.0
ERR1559352	0	557	0.0	0	10075	0.0
ERR1559363	0	511	0.0	0	10032	0.0
ERR1559367	0	525	0.0	0	10086	0.0
ERR1559372	0	567	0.0	0	10020	0.0
ERR1559376	0	510	0.0	0	10055	0.0
ERR1559384	0	553	0.0	0	10019	0.0
ERR1559389	0	577	0.0	0	10023	0.0
ERR1559403	0	573	0.0	0	9987	0.0
ERR1559418	0	497	0.0	0	10056	0.0
ERR1559421	0	556	0.0	0	10055	0.0
ERR1559422	0	524	0.0	0	10072	0.0
ERR1559424	0	522	0.0	0	10019	0.0
ERR1559431	0	484	0.0	0	10077	0.0
ERR1559433	0	533	0.0	0	10021	0.0
ERR1559452	0	539	0.0	0	10004	0.0
ERR1559457	0	539	0.0	0	10075	0.0
ERR1559458	0	545	0.0	0	10053	0.0
ERR1559461	0	531	0.0	0	10079	0.0
ERR1559476	0	552	0.0	0	10084	0.0
ERR1559477	0	511	0.0	0	10054	0.0
ERR1559478	0	578	0.0	0	10042	0.0
ERR1559488	0	537	0.0	0	10017	0.0
ERR1559495	0	546	0.0	0	10020	0.0
ERR1559522	0	497	0.0	0	10056	0.0
ERR1559554	0	546	0.0	0	10027	0.0
ERR1559560	0	534	0.0	0	10046	0.0
ERR1559567	0	566	0.0	0	10000	0.0
ERR1559579	0	575	0.0	0	9980	0.0
ERR1559580	0	589	0.0	0	9985	0.0
ERR1559583	0	568	0.0	0	10053	0.0
ERR1559589	0	524	0.0	0	10000	0.0
ERR1559590	0	542	0.0	0	9988	0.0
ERR1559594	0	546	0.0	0	10006	0.0
ERR1559598	0	547	0.0	0	10058	0.0
ERR1559606	0	594	0.0	0	10065	0.0
ERR1559612	0	559	0.0	0	10063	0.0
ERR1559618	0	608	0.0	0	10099	0.0
ERR1559621	0	561	0.0	0	10050	0.0
ERR1559638	0	520	0.0	0	10043	0.0
ERR1559644	0	568	0.0	0	10013	0.0
ERR1559649	0	512	0.0	0	10099	0.0
ERR1559674	0	433	0.0	0	9986	0.0
ERR1559686	0	557	0.0	0	10050	0.0
ERR1559700	0	519	0.0	0	9996	0.0
ERR1559723	0	519	0.0	0	10108	0.0
ERR1559733	0	493	0.0	0	9947	0.0
ERR1581950	0	258	0.0	0	9942	0.0
ERR1581952	0	290	0.0	0	9995	0.0
ERR1581955	0	300	0.0	0	9972	0.0
ERR1581960	0	249	0.0	0	9987	0.0
ERR1581961	0	269	0.0	0	9964	0.0
ERR1581962	0	271	0.0	0	9859	0.0
ERR1581965	0	261	0.0	0	10012	0.0
ERR1581968	0	263	0.0	0	10038	0.0
ERR1581973	0	274	0.0	0	10042	0.0
ERR1581977	0	262	0.0	0	10030	0.0
ERR1581978	0	258	0.0	0	10000	0.0
ERR1581979	0	275	0.0	0	10002	0.0
ERR1581981	0	273	0.0	0	10039	0.0
ERR1581986	0	265	0.0	0	10068	0.0
ERR1581998	0	271	0.0	0	10041	0.0
ERR1582004	0	246	0.0	0	10039	0.0
ERR1582010	0	251	0.0	0	9989	0.0
ERR1582023	0	140	0.0	0	10084	0.0
ERR1582032	0	148	0.0	0	10150	0.0
ERR1582083	0	110	0.0	0	10095	0.0
ERR1582088	0	121	0.0	0	10186	0.0
ERR1582089	0	124	0.0	0	10170	0.0
ERR1582090	0	132	0.0	0	10186	0.0
ERR1582095	0	162	0.0	0	10162	0.0
ERR1582110	0	124	0.0	0	10180	0.0
ERR1582111	0	115	0.0	0	10164	0.0
ERR1582120	0	141	0.0	0	10185	0.0
ERR1582133	0	142	0.0	0	10097	0.0
ERR1582144	0	143	0.0	0	10030	0.0
ERR1582145	0	165	0.0	0	10056	0.0
ERR1582146	0	111	0.0	0	10192	0.0
ERR1582155	0	154	0.0	0	10109	0.0
ERR1582176	0	113	0.0	0	10063	0.0
ERR1582226	0	172	0.0	0	10118	0.0
ERR1582252	0	151	0.0	0	9977	0.0
ERR1582282	0	155	0.0	0	10018	0.0
ERR1582287	0	157	0.0	0	9990	0.0
ERR1582302	0	155	0.0	0	10086	0.0
ERR1582308	0	189	0.0	0	10124	0.0
ERR1582327	0	169	0.0	0	10145	0.0
ERR1582393	0	213	0.0	0	10159	0.0
ERR1582416	0	202	0.0	0	10174	0.0
ERR1582418	0	208	0.0	0	10180	0.0
ERR1582420	0	256	0.0	0	10157	0.0
ERR1582422	0	266	0.0	0	10057	0.0
ERR1582431	0	248	0.0	0	10191	0.0
ERR1582436	0	245	0.0	0	10140	0.0
ERR1582441	0	253	0.0	0	10171	0.0
ERR1582451	0	207	0.0	0	10058	0.0
ERR1582457	0	231	0.0	0	10107	0.0
ERR1582459	0	223	0.0	0	10192	0.0
ERR1582462	0	307	0.0	0	10138	0.0
ERR1582465	0	196	0.0	0	10157	0.0
ERR1582469	0	238	0.0	0	10037	0.0
ERR1582470	0	270	0.0	0	10139	0.0
ERR1582481	0	267	0.0	0	10103	0.0
ERR1582482	0	276	0.0	0	10152	0.0
ERR1582491	0	243	0.0	0	10157	0.0
ERR1582494	0	218	0.0	0	10167	0.0
ERR1582496	0	237	0.0	0	10175	0.0
ERR1582535	0	278	0.0	0	10142	0.0
ERR1582604	0	127	0.0	0	10039	0.0
ERR1582618	0	168	0.0	0	10132	0.0
ERR1582619	0	181	0.0	0	9996	0.0
ERR1582620	0	184	0.0	0	9986	0.0
ERR1582627	0	141	0.0	0	10102	0.0
ERR1582631	0	191	0.0	0	10101	0.0
ERR1582644	0	117	0.0	0	10071	0.0
ERR1582662	0	162	0.0	0	10016	0.0
ERR1582681	0	167	0.0	0	10058	0.0
ERR1582705	0	182	0.0	0	10079	0.0
ERR1582723	0	115	0.0	0	10140	0.0
ERR1582725	0	167	0.0	0	10146	0.0
ERR1582734	0	124	0.0	0	10154	0.0
ERR1582747	0	181	0.0	0	10153	0.0
ERR1582752	0	148	0.0	0	10149	0.0
ERR1582795	0	112	0.0	0	10092	0.0
ERR1582812	0	164	0.0	0	10095	0.0
ERR1582841	0	157	0.0	0	10134	0.0
ERR1582873	0	181	0.0	0	10111	0.0
ERR1582896	0	272	0.0	0	10138	0.0
ERR1582898	0	150	0.0	0	10156	0.0
ERR1582902	0	235	0.0	0	10140	0.0
ERR1582916	0	233	0.0	0	10099	0.0
ERR1582923	0	148	0.0	0	10129	0.0
ERR1582935	0	172	0.0	0	10160	0.0
ERR1582938	0	181	0.0	0	10113	0.0
ERR1582957	0	199	0.0	0	10119	0.0
ERR1582966	0	192	0.0	0	10138	0.0
ERR1582983	0	152	0.0	0	10103	0.0
ERR1582996	0	203	0.0	0	10081	0.0
ERR1583011	0	198	0.0	0	10060	0.0
ERR1589263	0	455	0.0	0	9825	0.0
ERR1589266	0	416	0.0	0	10146	0.0
ERR1589267	0	407	0.0	0	9961	0.0
ERR1589269	0	426	0.0	0	9593	0.0
ERR1589279	0	451	0.0	0	10164	0.0
ERR1589294	0	453	0.0	0	10076	0.0
ERR1589297	0	489	0.0	0	10078	0.0
ERR1589299	0	482	0.0	0	9697	0.0
ERR1589308	0	337	0.0	0	9829	0.0
ERR1589312	0	302	0.0	0	10034	0.0
ERR1589314	0	366	0.0	0	10011	0.0
ERR1589316	0	360	0.0	0	9580	0.0
ERR1589322	0	364	0.0	0	9939	0.0
ERR1589325	0	284	0.0	0	10154	0.0
ERR1589335	0	255	0.0	0	10106	0.0
ERR1589342	0	197	0.0	0	9302	0.0
ERR1589344	0	364	0.0	0	8891	0.0
ERR1589746	0	509	0.0	0	10175	0.0
ERR1589750	0	526	0.0	0	10162	0.0
ERR1589765	0	487	0.0	0	10161	0.0
ERR1589780	0	526	0.0	0	10201	0.0
ERR1589781	0	580	0.0	0	10196	0.0
ERR1589784	0	476	0.0	0	10182	0.0
ERR1589797	0	390	0.0	0	10181	0.0
ERR1589809	0	488	0.0	0	10174	0.0
ERR1589816	0	312	0.0	0	10195	0.0
ERR1589823	0	345	0.0	0	10153	0.0
ERR1589826	0	394	0.0	0	10168	0.0
ERR1589840	0	322	0.0	0	10195	0.0
ERR1589851	0	286	0.0	0	10196	0.0
ERR1589852	0	509	0.0	0	10167	0.0
ERR1589915	1	156	0.00641	13	10193	0.00128
ERR1589920	1	269	0.00372	26	10211	0.00255
ERR1590022	1	190	0.00526	22	10178	0.00216
ERR1590023	3	238	0.01261	74	10175	0.00727
ERR1590026	3	244	0.0123	38	10170	0.00374
ERR1590027	2	245	0.00816	22	10121	0.00217
ERR1590029	2	228	0.00877	15	10105	0.00148
ERR1590030	0	216	0.0	0	10181	0.0
ERR1590031	8	165	0.04848	59	10169	0.0058
ERR1590032	5	168	0.02976	52	10167	0.00511
ERR1590039	8	399	0.02005	56	10162	0.00551
ERR1590041	7	450	0.01556	114	10144	0.01124
ERR1591091	0	740	0.0	0	10033	0.0
ERR1591093	0	721	0.0	0	10049	0.0
ERR1591094	0	691	0.0	0	10031	0.0
ERR1591095	0	665	0.0	0	10082	0.0
ERR1591102	0	638	0.0	0	9997	0.0
ERR1591104	0	573	0.0	0	9780	0.0
ERR1591107	0	745	0.0	0	10053	0.0
ERR1591115	0	664	0.0	0	10005	0.0
ERR1591118	0	679	0.0	0	10079	0.0
ERR1591121	0	717	0.0	0	10060	0.0
ERR1591122	0	688	0.0	0	10070	0.0
ERR1591124	0	721	0.0	0	9988	0.0
ERR1591148	0	712	0.0	0	10073	0.0
ERR1591155	0	787	0.0	0	10082	0.0
ERR1591159	0	728	0.0	0	10041	0.0
ERR1591161	0	697	0.0	0	10034	0.0
ERR1591169	0	723	0.0	0	9906	0.0
ERR1591172	1	755	0.00132	2	10052	0.0002
ERR1591177	0	733	0.0	0	10029	0.0
ERR1591178	0	737	0.0	0	10056	0.0
ERR1591194	0	673	0.0	0	10028	0.0
ERR1591200	0	706	0.0	0	10057	0.0
ERR1591203	0	719	0.0	0	10079	0.0
ERR1591210	0	687	0.0	0	10035	0.0
ERR1591211	0	695	0.0	0	10059	0.0
ERR1591218	0	771	0.0	0	10018	0.0
ERR1591223	0	707	0.0	0	9995	0.0
ERR1591225	0	690	0.0	0	10037	0.0
ERR1591226	0	723	0.0	0	10004	0.0
ERR1591228	0	712	0.0	0	10046	0.0
ERR1591231	0	659	0.0	0	10057	0.0
ERR1591239	0	722	0.0	0	10015	0.0
ERR1591245	0	713	0.0	0	10009	0.0
ERR1591248	0	688	0.0	0	9988	0.0
ERR1591260	0	754	0.0	0	10033	0.0
ERR1591264	0	695	0.0	0	9994	0.0
ERR1591267	0	729	0.0	0	10052	0.0
ERR1591289	0	732	0.0	0	10050	0.0
ERR1591293	0	759	0.0	0	9982	0.0
ERR1591298	0	682	0.0	0	10089	0.0
ERR1591301	0	699	0.0	0	10065	0.0
ERR1591308	0	731	0.0	0	10037	0.0
ERR1591311	0	734	0.0	0	10053	0.0
ERR1591312	0	680	0.0	0	9971	0.0
ERR1591319	0	734	0.0	0	10052	0.0
ERR1591333	0	715	0.0	0	10061	0.0
ERR1591338	0	701	0.0	0	10035	0.0
ERR1591339	0	695	0.0	0	10049	0.0
ERR1591344	0	734	0.0	0	10037	0.0
ERR1591346	0	649	0.0	0	10042	0.0
ERR1591347	0	749	0.0	0	10024	0.0
ERR1591350	0	740	0.0	0	10054	0.0
ERR1591357	0	711	0.0	0	10107	0.0
ERR1591365	0	715	0.0	0	10030	0.0
ERR1591373	0	710	0.0	0	10001	0.0
ERR1591381	0	756	0.0	0	10044	0.0
ERR1591385	0	769	0.0	0	10029	0.0
ERR1591391	0	720	0.0	0	10042	0.0
ERR1591396	0	722	0.0	0	10033	0.0
ERR1591397	0	748	0.0	0	10034	0.0
ERR1591403	0	696	0.0	0	10045	0.0
ERR1591408	0	736	0.0	0	10035	0.0
ERR1591416	0	251	0.0	0	10132	0.0
ERR1591423	0	589	0.0	0	10049	0.0
ERR1591427	0	541	0.0	0	10072	0.0
ERR1591433	0	713	0.0	0	10131	0.0
ERR1591438	0	509	0.0	0	9919	0.0
ERR1591441	0	538	0.0	0	10016	0.0
ERR1591444	0	611	0.0	0	10080	0.0
ERR1591447	0	507	0.0	0	10061	0.0
ERR1591459	0	605	0.0	0	9868	0.0
ERR1591485	0	644	0.0	0	10035	0.0
ERR1591490	0	715	0.0	0	10043	0.0
ERR1591493	0	709	0.0	0	10037	0.0
ERR1591494	0	671	0.0	0	10053	0.0
ERR1591497	0	596	0.0	0	10068	0.0
ERR1591501	0	631	0.0	0	10006	0.0
ERR1591508	0	654	0.0	0	10056	0.0
ERR1591514	0	670	0.0	0	10040	0.0
ERR1591515	0	644	0.0	0	10030	0.0
ERR1591518	0	681	0.0	0	10034	0.0
ERR1591521	0	722	0.0	0	10062	0.0
ERR1591524	0	708	0.0	0	10063	0.0
ERR1591526	0	602	0.0	0	10006	0.0
ERR1591529	0	679	0.0	0	10023	0.0
ERR1591531	0	700	0.0	0	10026	0.0
ERR1591541	0	721	0.0	0	10013	0.0
ERR1591548	0	683	0.0	0	10015	0.0
ERR1591551	0	660	0.0	0	10033	0.0
ERR1591557	0	675	0.0	0	10060	0.0
ERR1591562	0	692	0.0	0	10029	0.0
ERR1591563	0	517	0.0	0	10067	0.0
ERR1591564	0	651	0.0	0	10057	0.0
ERR1591569	0	732	0.0	0	9996	0.0
ERR1591571	0	624	0.0	0	10034	0.0
ERR1591576	0	684	0.0	0	10076	0.0
ERR1591577	0	631	0.0	0	10054	0.0
ERR1591583	0	645	0.0	0	10027	0.0
ERR1591584	0	702	0.0	0	10094	0.0
ERR1591587	0	734	0.0	0	10048	0.0
ERR1591590	0	576	0.0	0	10033	0.0
ERR1591591	0	609	0.0	0	10055	0.0
ERR1591595	0	539	0.0	0	10081	0.0
ERR1591597	0	595	0.0	0	10078	0.0
ERR1591599	0	536	0.0	0	10060	0.0
ERR1591603	0	622	0.0	0	10044	0.0
ERR1591604	0	689	0.0	0	10036	0.0
ERR1591606	0	672	0.0	0	10006	0.0
ERR1591607	0	644	0.0	0	10054	0.0
ERR1591611	0	696	0.0	0	10067	0.0
ERR1591612	0	699	0.0	0	10040	0.0
ERR1591614	0	718	0.0	0	10032	0.0
ERR1591618	0	677	0.0	0	10049	0.0
ERR1591621	0	704	0.0	0	10049	0.0
ERR1591624	0	694	0.0	0	10004	0.0
ERR1591628	0	721	0.0	0	10007	0.0
ERR1591633	0	648	0.0	0	10057	0.0
ERR1591639	0	674	0.0	0	10022	0.0
ERR1591643	0	691	0.0	0	9967	0.0
ERR1591645	0	706	0.0	0	10028	0.0
ERR1591646	0	634	0.0	0	10018	0.0
ERR1591650	0	641	0.0	0	10038	0.0
ERR1591662	0	696	0.0	0	10038	0.0
ERR1591664	0	688	0.0	0	9997	0.0
ERR1591669	0	709	0.0	0	10009	0.0
ERR1591671	0	725	0.0	0	10013	0.0
ERR1591672	0	681	0.0	0	10000	0.0
ERR1591674	0	666	0.0	0	9963	0.0
ERR1591675	0	725	0.0	0	10009	0.0
ERR1591679	0	675	0.0	0	10050	0.0
ERR1591680	0	723	0.0	0	10070	0.0
ERR1591687	0	366	0.0	0	10078	0.0
ERR1591688	0	697	0.0	0	10034	0.0
ERR1591692	0	705	0.0	0	10039	0.0
ERR1591704	0	722	0.0	0	10026	0.0
ERR1591712	0	753	0.0	0	10034	0.0
ERR1591715	0	745	0.0	0	10032	0.0
ERR1591718	0	729	0.0	0	10048	0.0
ERR1591721	0	746	0.0	0	10028	0.0
ERR1591722	0	659	0.0	0	10015	0.0
ERR1591723	0	756	0.0	0	9884	0.0
ERR1593300	0	836	0.0	0	9972	0.0
ERR1593317	0	778	0.0	0	9962	0.0
ERR1593321	0	861	0.0	0	9965	0.0
ERR1593324	0	797	0.0	0	9947	0.0
ERR1593329	0	803	0.0	0	9936	0.0
ERR1593332	0	829	0.0	0	9952	0.0
ERR1593334	0	796	0.0	0	9920	0.0
ERR1593342	0	791	0.0	0	9919	0.0
ERR1593351	0	801	0.0	0	9908	0.0
ERR1593356	0	697	0.0	0	9973	0.0
ERR1593361	0	758	0.0	0	9879	0.0
ERR1593370	0	710	0.0	0	9953	0.0
ERR1593392	0	847	0.0	0	9866	0.0
ERR1593402	0	967	0.0	0	9948	0.0
ERR1593406	0	861	0.0	0	9896	0.0
ERR1593408	0	810	0.0	0	9931	0.0
ERR1593410	0	835	0.0	0	9998	0.0
ERR1593412	0	852	0.0	0	9976	0.0
ERR1593419	0	1014	0.0	0	9988	0.0
ERR1593420	0	820	0.0	0	9942	0.0
ERR1593430	0	689	0.0	0	9793	0.0
ERR1593432	0	717	0.0	0	9742	0.0
ERR1593438	0	723	0.0	0	9891	0.0
ERR1593440	0	740	0.0	0	9945	0.0
ERR1593442	0	710	0.0	0	9891	0.0
ERR1593444	0	569	0.0	0	9969	0.0
ERR1593445	0	724	0.0	0	9891	0.0
ERR1593450	0	504	0.0	0	10173	0.0
ERR1593451	0	507	0.0	0	10170	0.0
ERR1593456	0	432	0.0	0	10184	0.0
ERR1593461	0	492	0.0	0	10180	0.0
ERR1593463	0	488	0.0	0	10172	0.0
ERR1593464	0	434	0.0	0	10175	0.0
ERR1593469	0	507	0.0	0	10184	0.0
ERR1593510	0	430	0.0	0	10131	0.0
ERR1593513	0	302	0.0	0	10156	0.0
ERR1593522	0	367	0.0	0	10126	0.0
ERR1593526	0	323	0.0	0	10139	0.0
ERR1593530	0	320	0.0	0	10117	0.0
ERR1593531	0	266	0.0	0	10113	0.0
ERR1593532	0	321	0.0	0	10096	0.0
ERR1593537	0	291	0.0	0	10145	0.0
ERR1593556	0	276	0.0	0	10153	0.0
ERR1594080	0	331	0.0	0	9950	0.0
ERR1594089	0	433	0.0	0	9971	0.0
ERR1594108	0	336	0.0	0	10188	0.0
ERR1594118	0	383	0.0	0	10187	0.0
ERR1594121	0	357	0.0	0	10191	0.0
ERR1594125	0	359	0.0	0	10193	0.0
ERR1594129	0	245	0.0	0	9805	0.0
ERR1594135	0	239	0.0	0	9701	0.0
ERR1594144	0	265	0.0	0	9790	0.0
ERR1594150	0	252	0.0	0	9789	0.0
ERR1594162	0	379	0.0	0	9856	0.0
ERR1594164	0	246	0.0	0	9697	0.0
ERR1594167	0	254	0.0	0	9848	0.0
ERR1594175	0	260	0.0	0	9757	0.0
ERR1594179	0	260	0.0	0	9764	0.0
ERR1594181	0	276	0.0	0	9775	0.0
ERR1594186	0	266	0.0	0	9762	0.0
ERR1594201	0	258	0.0	0	9846	0.0
ERR1594208	0	291	0.0	0	9741	0.0
ERR1594214	0	236	0.0	0	9687	0.0
ERR1594221	0	277	0.0	0	9784	0.0
ERR1594229	0	243	0.0	0	9737	0.0
ERR1594236	0	321	0.0	0	9802	0.0
ERR1594239	0	246	0.0	0	9744	0.0
ERR1594242	0	323	0.0	0	9841	0.0
ERR1594244	0	287	0.0	0	9764	0.0
ERR1594247	0	281	0.0	0	9765	0.0
ERR1594260	0	329	0.0	0	9860	0.0
ERR1594276	0	281	0.0	0	9722	0.0
ERR1594277	0	269	0.0	0	9772	0.0
ERR1594278	0	243	0.0	0	9817	0.0
ERR1594282	0	254	0.0	0	9716	0.0
ERR1594287	0	291	0.0	0	9740	0.0
ERR1594294	0	281	0.0	0	9771	0.0
ERR1594296	0	383	0.0	0	9943	0.0
ERR1594299	0	266	0.0	0	9758	0.0
ERR1594300	0	258	0.0	0	9681	0.0
ERR1594310	0	325	0.0	0	10219	0.0
ERR1594313	0	295	0.0	0	10165	0.0
ERR1594316	2	357	0.0056	20	10206	0.00196
ERR1653409	2	277	0.00722	37	9828	0.00376
ERR1653411	2	249	0.00803	52	9900	0.00525
ERR1653412	0	261	0.0	0	9899	0.0
ERR1653414	1	219	0.00457	19	9906	0.00192
ERR1653415	1	303	0.0033	31	9916	0.00313
ERR1653416	1	266	0.00376	30	9769	0.00307
ERR1653417	2	369	0.00542	24	9773	0.00246
ERR1653421	1	292	0.00342	24	9857	0.00243
ERR1653422	1	263	0.0038	32	9895	0.00323
ERR1653423	0	255	0.0	0	9760	0.0
ERR1653425	1	273	0.00366	24	9874	0.00243
ERR1653426	1	262	0.00382	33	9966	0.00331
ERR1653427	1	274	0.00365	20	9866	0.00203
ERR1653428	1	304	0.00329	22	9921	0.00222
ERR1653432	1	285	0.00351	18	9820	0.00183
ERR1653433	2	266	0.00752	27	9882	0.00273
ERR1653434	0	281	0.0	0	9861	0.0
ERR1653435	1	278	0.0036	19	9958	0.00191
ERR1653436	1	278	0.0036	27	9881	0.00273
ERR1653438	2	234	0.00855	44	9890	0.00445
ERR1653439	1	259	0.00386	16	9995	0.0016
ERR1653440	2	297	0.00673	29	9760	0.00297
ERR1653441	2	272	0.00735	55	10005	0.0055
ERR1653442	0	290	0.0	0	9864	0.0
ERR1653444	1	248	0.00403	25	9859	0.00254
ERR1653445	2	241	0.0083	40	9840	0.00407
ERR1653446	1	274	0.00365	19	10003	0.0019
ERR1653447	0	320	0.0	0	9844	0.0
ERR1653449	3	262	0.01145	65	9932	0.00654
ERR1653450	0	247	0.0	0	9935	0.0
ERR1653452	1	260	0.00385	28	9864	0.00284
ERR1653453	1	228	0.00439	23	9932	0.00232
ERR1653454	1	243	0.00412	30	9939	0.00302
ERR1653456	2	273	0.00733	25	9973	0.00251
ERR1653460	1	209	0.00478	39	9970	0.00391
ERR1653461	0	318	0.0	0	9951	0.0
ERR1653462	1	237	0.00422	21	9923	0.00212
ERR1653464	0	255	0.0	0	9881	0.0
ERR1653465	1	247	0.00405	15	9999	0.0015
ERR1653466	1	243	0.00412	30	10000	0.003
ERR1653468	0	265	0.0	0	9870	0.0
ERR1653469	1	239	0.00418	23	10092	0.00228
ERR1653471	1	252	0.00397	22	9936	0.00221
ERR1653473	3	257	0.01167	39	10003	0.0039
ERR1653474	0	314	0.0	0	9954	0.0
ERR1653475	1	246	0.00407	24	9835	0.00244
ERR1653476	1	239	0.00418	13	9861	0.00132
ERR1653477	0	290	0.0	0	9839	0.0
ERR1653479	2	294	0.0068	18	10045	0.00179
ERR1653480	1	289	0.00346	21	10005	0.0021
ERR1653481	1	251	0.00398	16	9838	0.00163
ERR1653484	0	280	0.0	0	9933	0.0
ERR1653487	0	306	0.0	0	10050	0.0
ERR1653488	0	253	0.0	0	10013	0.0
ERR1653489	0	275	0.0	0	9959	0.0
ERR1653490	2	320	0.00625	41	9967	0.00411
ERR1653491	0	296	0.0	0	9954	0.0
ERR1653493	0	286	0.0	0	9988	0.0
ERR1653495	1	297	0.00337	23	9993	0.0023
ERR1653499	1	274	0.00365	22	9931	0.00222
ERR1653503	1	275	0.00364	16	9916	0.00161
ERR1653504	1	251	0.00398	27	9999	0.0027
ERR1653506	0	265	0.0	0	9912	0.0
ERR1653507	0	283	0.0	0	9847	0.0
ERR1653508	0	287	0.0	0	9949	0.0
ERR1653509	1	228	0.00439	17	9938	0.00171
ERR1653510	1	250	0.004	17	9955	0.00171
ERR1653512	1	257	0.00389	25	9802	0.00255
ERR1653545	3	289	0.01038	53	10012	0.00529
ERR1653546	0	283	0.0	0	9777	0.0
ERR1653550	2	275	0.00727	34	9940	0.00342
ERR1653552	1	258	0.00388	12	10002	0.0012
ERR1653554	2	254	0.00787	34	10001	0.0034
ERR1653559	0	281	0.0	0	9908	0.0
ERR1653565	0	309	0.0	0	9899	0.0
ERR1653566	0	281	0.0	0	9922	0.0
ERR1653570	0	311	0.0	0	9870	0.0
ERR1653571	0	304	0.0	0	9970	0.0
ERR1653580	0	265	0.0	0	9950	0.0
ERR1653583	1	318	0.00314	17	9914	0.00171
ERR1653590	1	256	0.00391	24	9927	0.00242
ERR1653591	1	266	0.00376	18	9810	0.00183
ERR1653592	1	247	0.00405	25	9973	0.00251
ERR1653594	0	306	0.0	0	9771	0.0
ERR1653595	1	308	0.00325	30	10079	0.00298
ERR1653597	1	316	0.00316	38	9880	0.00385
ERR1653599	2	287	0.00697	46	10017	0.00459
ERR1653601	2	262	0.00763	48	10016	0.00479
ERR1653602	3	276	0.01087	48	9958	0.00482
ERR1653603	0	238	0.0	0	9786	0.0
ERR1653604	1	294	0.0034	47	10036	0.00468
ERR1653606	0	258	0.0	0	9909	0.0
ERR1653611	1	265	0.00377	44	10010	0.0044
ERR1653615	1	289	0.00346	33	9938	0.00332
ERR1653616	2	338	0.00592	38	10110	0.00376
ERR1653621	4	295	0.01356	71	9941	0.00714
ERR1653622	0	306	0.0	0	9791	0.0
ERR1653623	0	276	0.0	0	9886	0.0
ERR1653624	1	242	0.00413	26	9980	0.00261
ERR1653625	1	263	0.0038	18	9917	0.00182
ERR1653626	1	363	0.00275	27	9734	0.00277
ERR1653627	1	289	0.00346	22	9976	0.00221
ERR1653628	1	293	0.00341	28	10013	0.0028
ERR1653631	0	329	0.0	0	9861	0.0
ERR1653634	2	281	0.00712	52	9864	0.00527
ERR1653635	1	295	0.00339	34	9897	0.00344
ERR1653636	1	260	0.00385	27	9936	0.00272
ERR1653637	1	342	0.00292	16	10031	0.0016
ERR1653638	1	285	0.00351	40	9938	0.00402
ERR1653640	1	292	0.00342	28	9774	0.00286
ERR1653641	1	320	0.00313	27	9932	0.00272
ERR1653642	1	296	0.00338	28	9889	0.00283
ERR1653643	1	283	0.00353	44	9952	0.00442
ERR1653644	1	306	0.00327	22	9740	0.00226
ERR1653645	1	300	0.00333	35	9995	0.0035
ERR1653646	2	287	0.00697	45	10076	0.00447
ERR1653647	0	295	0.0	0	9969	0.0
ERR1653648	1	250	0.004	36	9984	0.00361
ERR1653649	0	288	0.0	0	9935	0.0
ERR1653650	1	247	0.00405	23	10048	0.00229
ERR1653653	2	337	0.00593	50	9811	0.0051
ERR1653656	0	317	0.0	0	9871	0.0
ERR1653657	0	271	0.0	0	10019	0.0
ERR1653658	1	259	0.00386	22	10006	0.0022
ERR1653664	0	278	0.0	0	10024	0.0
ERR1653665	1	281	0.00356	40	9745	0.0041
ERR1653666	1	261	0.00383	24	10032	0.00239
ERR1653667	2	277	0.00722	31	10017	0.00309
ERR1653668	1	280	0.00357	39	9778	0.00399
ERR1653669	1	259	0.00386	32	9956	0.00321
ERR1653670	0	258	0.0	0	10054	0.0
ERR1653671	0	279	0.0	0	9978	0.0
ERR1653675	0	242	0.0	0	9828	0.0
ERR1653677	0	231	0.0	0	10003	0.0
ERR1742287	0	431	0.0	0	10177	0.0
ERR1742294	1	479	0.00209	10	10192	0.00098
ERR1742300	0	165	0.0	0	10165	0.0
ERR1742322	0	177	0.0	0	10198	0.0
ERR1742326	0	166	0.0	0	10186	0.0
ERR1742350	0	166	0.0	0	10176	0.0
ERR1742396	0	196	0.0	0	10194	0.0
ERR1742398	0	367	0.0	0	10158	0.0
ERR1753782	0	187	0.0	0	10209	0.0
ERR1753818	1	97	0.01031	26	10225	0.00254
ERR1753833	0	173	0.0	0	10202	0.0
ERR1753857	0	215	0.0	0	10106	0.0
ERR1753921	0	201	0.0	0	10128	0.0
ERR1753922	0	211	0.0	0	10077	0.0
ERR1759870	0	343	0.0	0	10214	0.0
ERR1801481	0	182	0.0	0	9926	0.0
ERR1801482	0	146	0.0	0	9997	0.0
ERR1801483	0	131	0.0	0	9799	0.0
ERR1801484	0	127	0.0	0	9882	0.0
ERR1801485	0	113	0.0	0	9817	0.0
ERR1801486	0	209	0.0	0	9982	0.0
ERR1801488	0	104	0.0	0	10076	0.0
ERR1801490	0	172	0.0	0	9974	0.0
ERR1801491	0	101	0.0	0	10059	0.0
ERR1801493	0	160	0.0	0	10013	0.0
ERR1801494	0	116	0.0	0	9964	0.0
ERR1801495	0	104	0.0	0	10170	0.0
ERR1801496	0	87	0.0	0	9973	0.0
ERR1801497	0	149	0.0	0	10049	0.0
ERR1801498	0	99	0.0	0	10047	0.0
ERR1801499	0	151	0.0	0	10027	0.0
ERR1801500	1	250	0.004	19	10022	0.0019
ERR1801501	0	136	0.0	0	10004	0.0
ERR1801502	0	171	0.0	0	9914	0.0
ERR1801504	2	207	0.00966	82	9971	0.00822
ERR1801505	0	132	0.0	0	9916	0.0
ERR1801506	0	124	0.0	0	9981	0.0
ERR1801507	0	85	0.0	0	9744	0.0
ERR1801508	0	104	0.0	0	9858	0.0
ERR1801509	0	170	0.0	0	9885	0.0
ERR1801511	0	118	0.0	0	9910	0.0
ERR1801516	0	156	0.0	0	10033	0.0
ERR1801518	0	167	0.0	0	9795	0.0
ERR1801521	0	180	0.0	0	10023	0.0
ERR1801531	0	179	0.0	0	10103	0.0
ERR1801536	0	178	0.0	0	9878	0.0
ERR1844383	0	488	0.0	0	9988	0.0
ERR1844401	0	478	0.0	0	9986	0.0
ERR1844408	0	383	0.0	0	10051	0.0
ERR1844410	0	374	0.0	0	9946	0.0
ERR1844418	0	365	0.0	0	9999	0.0
ERR1844421	0	352	0.0	0	10011	0.0
ERR1844432	0	603	0.0	0	9888	0.0
ERR1844434	0	720	0.0	0	9784	0.0
ERR1844438	0	342	0.0	0	9992	0.0
ERR1844451	0	830	0.0	0	9983	0.0
ERR1844453	0	801	0.0	0	9931	0.0
ERR1844454	0	722	0.0	0	9975	0.0
ERR1844457	0	601	0.0	0	9767	0.0
ERR1844462	0	575	0.0	0	9945	0.0
ERR1844467	0	600	0.0	0	9910	0.0
ERR1844479	0	595	0.0	0	9840	0.0
ERR1844483	0	603	0.0	0	9948	0.0
ERR1844490	0	602	0.0	0	9931	0.0
ERR1844491	0	616	0.0	0	9934	0.0
ERR1844497	0	606	0.0	0	9971	0.0
ERR1844498	0	600	0.0	0	9819	0.0
ERR1844503	0	555	0.0	0	9901	0.0
ERR1844702	0	579	0.0	0	9871	0.0
ERR1844703	0	602	0.0	0	9925	0.0
ERR1844709	0	641	0.0	0	9971	0.0
ERR1844711	0	652	0.0	0	9878	0.0
ERR1844712	0	637	0.0	0	9806	0.0
ERR1844714	0	600	0.0	0	9923	0.0
ERR1844720	0	670	0.0	0	9926	0.0
ERR1844722	0	621	0.0	0	9926	0.0
ERR1844723	0	593	0.0	0	9884	0.0
ERR1844726	0	470	0.0	0	9967	0.0
ERR1844727	0	572	0.0	0	9957	0.0
ERR1844731	0	757	0.0	0	9937	0.0
ERR1844733	0	436	0.0	0	9948	0.0
ERR1844735	0	567	0.0	0	9967	0.0
ERR1844964	0	650	0.0	0	10060	0.0
ERR1844967	0	701	0.0	0	10082	0.0
ERR1844983	0	436	0.0	0	9930	0.0
ERR1844987	0	574	0.0	0	9975	0.0
ERR1844993	0	796	0.0	0	9993	0.0
ERR1845002	0	555	0.0	0	9991	0.0
ERR1864800	0	324	0.0	0	10196	0.0
ERR1864803	0	295	0.0	0	10198	0.0
ERR1896637	0	299	0.0	0	10178	0.0
ERR1896641	2	315	0.00635	24	10193	0.00235
ERR1896643	1	171	0.00585	5	10186	0.00049
ERR1896659	1	179	0.00559	30	10206	0.00294
ERR1896665	1	239	0.00418	32	10189	0.00314
ERR1896670	1	206	0.00485	11	10201	0.00108
ERR1896688	0	276	0.0	0	10227	0.0
ERR1896691	2	287	0.00697	33	10185	0.00324
ERR1896696	1	261	0.00383	12	10204	0.00118
ERR1896715	2	373	0.00536	18	10173	0.00177
ERR1896746	0	321	0.0	0	10188	0.0
ERR1896748	0	229	0.0	0	10222	0.0
ERR1896764	0	297	0.0	0	10205	0.0
ERR1896774	0	339	0.0	0	10205	0.0
ERR1896788	0	251	0.0	0	10155	0.0
ERR1896811	0	257	0.0	0	10200	0.0
ERR1896849	0	203	0.0	0	10196	0.0
ERR1896859	0	173	0.0	0	10154	0.0
ERR1896871	1	171	0.00585	19	10176	0.00187
ERR1896872	1	198	0.00505	54	10181	0.0053
ERR1896875	0	332	0.0	0	10207	0.0
ERR1896876	0	187	0.0	0	10106	0.0
ERR1896883	1	240	0.00417	15	10186	0.00147
ERR1896885	1	181	0.00552	44	10160	0.00433
ERR1896891	1	239	0.00418	12	10090	0.00119
ERR1896911	0	320	0.0	0	10205	0.0
ERR1896914	0	159	0.0	0	10201	0.0
ERR1896918	1	248	0.00403	10	10128	0.00099
ERR1896926	1	215	0.00465	9	10165	0.00089
ERR1896944	0	150	0.0	0	10186	0.0
ERR1896950	1	268	0.00373	28	10112	0.00277
ERR1896956	0	189	0.0	0	10138	0.0
ERR1896981	1	198	0.00505	17	10143	0.00168
ERR1896982	2	255	0.00784	26	10140	0.00256
ERR1896987	0	178	0.0	0	10183	0.0
ERR1896991	1	225	0.00444	33	10054	0.00328
ERR1897028	2	158	0.01266	16	10167	0.00157
ERR1897031	1	328	0.00305	5	10140	0.00049
ERR1897053	1	179	0.00559	10	10216	0.00098
ERR1897056	1	195	0.00513	41	10161	0.00404
ERR1897057	1	252	0.00397	10	10111	0.00099
ERR1897066	2	342	0.00585	53	10132	0.00523
ERR1897077	1	166	0.00602	7	10203	0.00069
ERR1897082	1	175	0.00571	16	10175	0.00157
ERR1897092	0	221	0.0	0	10158	0.0
ERR1897105	1	234	0.00427	23	10108	0.00228
ERR1897120	1	169	0.00592	18	10179	0.00177
ERR1897123	1	166	0.00602	15	10200	0.00147
ERR1897125	1	205	0.00488	20	10137	0.00197
ERR1897138	0	154	0.0	0	10225	0.0
ERR1897139	1	259	0.00386	20	10116	0.00198
ERR1897145	0	165	0.0	0	10222	0.0
ERR1897154	1	207	0.00483	12	10164	0.00118
ERR1897162	0	166	0.0	0	10213	0.0
ERR1897171	0	141	0.0	0	10197	0.0
ERR1897175	0	181	0.0	0	10216	0.0
ERR1897177	0	155	0.0	0	10194	0.0
ERR1897182	1	233	0.00429	19	10138	0.00187
ERR1897193	0	160	0.0	0	10194	0.0
ERR1897195	0	165	0.0	0	10218	0.0
ERR1897203	0	273	0.0	0	10062	0.0
ERR1897204	0	146	0.0	0	10220	0.0
ERR1897217	1	245	0.00408	25	10107	0.00247
ERR1897220	1	173	0.00578	24	10199	0.00235
ERR1897223	1	228	0.00439	29	10080	0.00288
ERR1897229	1	216	0.00463	17	10173	0.00167
ERR1897256	1	268	0.00373	22	10144	0.00217
ERR1897264	1	216	0.00463	14	10148	0.00138
ERR1897266	1	320	0.00313	9	10133	0.00089
ERR1897283	0	122	0.0	0	10202	0.0
ERR1897292	1	276	0.00362	75	10097	0.00743
ERR1897293	1	191	0.00524	30	10210	0.00294
ERR1897300	1	245	0.00408	34	10099	0.00337
ERR1897303	1	230	0.00435	22	10149	0.00217
ERR1897311	1	277	0.00361	16	10126	0.00158
ERR1897333	0	142	0.0	0	10175	0.0
ERR1897340	1	195	0.00513	24	10157	0.00236
ERR1897345	1	166	0.00602	26	10186	0.00255
ERR1897348	1	238	0.0042	22	10037	0.00219
ERR1897351	0	237	0.0	0	10185	0.0
ERR1897356	1	223	0.00448	18	10129	0.00178
ERR1897362	1	344	0.00291	7	10169	0.00069
ERR1897364	0	149	0.0	0	10193	0.0
ERR1897365	2	322	0.00621	32	10085	0.00317
ERR1897367	1	196	0.0051	59	10141	0.00582
ERR1897390	1	227	0.00441	56	10090	0.00555
ERR1897398	2	203	0.00985	28	10122	0.00277
ERR1897403	1	176	0.00568	24	10174	0.00236
ERR1897411	0	172	0.0	0	10199	0.0
ERR1897419	1	276	0.00362	11	10200	0.00108
ERR1897420	0	226	0.0	0	10188	0.0
ERR1897451	0	99	0.0	0	10168	0.0
ERR1897464	0	202	0.0	0	10050	0.0
ERR1897487	0	170	0.0	0	10028	0.0
ERR1897488	0	99	0.0	0	10138	0.0
ERR1897495	0	259	0.0	0	10063	0.0
ERR1897503	0	249	0.0	0	10140	0.0
ERR1897504	0	186	0.0	0	10189	0.0
ERR1897506	0	276	0.0	0	10164	0.0
ERR1897512	0	256	0.0	0	10103	0.0
ERR1897524	0	123	0.0	0	10117	0.0
ERR1897525	0	104	0.0	0	10127	0.0
ERR1897531	0	94	0.0	0	10098	0.0
ERR1897543	0	138	0.0	0	10033	0.0
ERR1897550	0	186	0.0	0	10148	0.0
ERR1897565	0	220	0.0	0	10135	0.0
ERR1897572	0	142	0.0	0	10000	0.0
ERR1897584	0	172	0.0	0	10082	0.0
ERR1897590	0	244	0.0	0	10172	0.0
ERR1897598	0	301	0.0	0	10113	0.0
ERR1897600	0	227	0.0	0	10122	0.0
ERR1897608	0	245	0.0	0	10088	0.0
ERR1897618	0	171	0.0	0	10095	0.0
ERR1897622	0	259	0.0	0	10144	0.0
ERR1897627	0	190	0.0	0	10055	0.0
ERR1897628	0	135	0.0	0	10149	0.0
ERR1897663	0	202	0.0	0	10156	0.0
ERR1897664	0	218	0.0	0	10110	0.0
ERR1897679	0	252	0.0	0	10088	0.0
ERR1897680	0	157	0.0	0	10182	0.0
ERR1897692	0	318	0.0	0	10192	0.0
ERR1897697	0	209	0.0	0	10153	0.0
ERR1897700	0	233	0.0	0	10098	0.0
ERR1897735	0	150	0.0	0	10127	0.0
ERR1897751	0	206	0.0	0	10110	0.0
ERR1897766	0	290	0.0	0	10169	0.0
ERR1981012	1	141	0.00709	18	9978	0.0018
ERR1981023	0	104	0.0	0	10156	0.0
ERR1981025	0	98	0.0	0	10151	0.0
ERR1981027	0	100	0.0	0	10177	0.0
ERR2012671	0	169	0.0	0	10200	0.0
ERR2012704	0	132	0.0	0	10005	0.0
ERR2012755	0	213	0.0	0	10195	0.0
ERR2012756	0	244	0.0	0	10174	0.0
ERR2012850	1	391	0.00256	22	10013	0.0022
ERR2012910	0	542	0.0	0	10016	0.0
ERR2012913	0	443	0.0	0	10113	0.0
ERR2012922	0	525	0.0	0	9979	0.0
ERR2012925	0	494	0.0	0	10165	0.0
ERR2012969	0	349	0.0	0	9831	0.0
ERR2012970	0	333	0.0	0	9727	0.0
ERR2012972	0	345	0.0	0	9991	0.0
ERR2012976	0	515	0.0	0	9797	0.0
ERR2012983	0	580	0.0	0	9635	0.0
ERR2012989	0	577	0.0	0	9943	0.0
ERR2012992	0	570	0.0	0	9763	0.0
ERR2012996	0	524	0.0	0	9989	0.0
ERR2013009	0	609	0.0	0	9614	0.0
ERR2013018	0	510	0.0	0	9864	0.0
ERR2013028	0	350	0.0	0	9320	0.0
ERR2013047	0	480	0.0	0	10205	0.0
ERR2013051	0	599	0.0	0	10172	0.0
ERR2013054	0	563	0.0	0	10128	0.0
ERR2013057	0	565	0.0	0	9899	0.0
ERR2013082	0	482	0.0	0	9572	0.0
ERR2013084	0	557	0.0	0	10023	0.0
ERR2013086	0	418	0.0	0	8494	0.0
ERR2013089	0	494	0.0	0	9789	0.0
ERR2013099	0	440	0.0	0	9951	0.0
ERR2013113	0	540	0.0	0	10173	0.0
ERR2013116	0	502	0.0	0	10122	0.0
ERR2013125	0	488	0.0	0	10181	0.0
ERR2013126	0	574	0.0	0	10195	0.0
ERR2013149	0	594	0.0	0	10159	0.0
ERR2013218	0	447	0.0	0	10185	0.0
ERR2013224	0	551	0.0	0	10190	0.0
ERR2013227	0	542	0.0	0	10197	0.0
ERR2013385	0	451	0.0	0	10182	0.0
ERR2013398	0	488	0.0	0	10204	0.0
ERR2241563	0	86	0.0	0	9841	0.0
ERR2241609	0	53	0.0	0	9957	0.0
ERR2604210	0	91	0.0	0	9981	0.0
ERR2604214	1	95	0.01053	184	9977	0.01844
ERR2604222	1	93	0.01075	134	10048	0.01334
ERR2604230	1	84	0.0119	166	9918	0.01674
ERR2604234	1	107	0.00935	98	10018	0.00978
ERR2604238	1	91	0.01099	80	9910	0.00807
ERR2604242	1	102	0.0098	82	9816	0.00835
ERR2604244	1	93	0.01075	78	9901	0.00788
ERR2604246	1	83	0.01205	138	9731	0.01418
ERR2604256	1	85	0.01176	96	9955	0.00964
ERR2604260	1	88	0.01136	67	9779	0.00685
ERR2604290	0	75	0.0	0	9856	0.0
ERR2816410	0	288	0.0	0	9891	0.0
ERR2816450	0	142	0.0	0	9985	0.0
ERR2816539	0	235	0.0	0	9872	0.0
ERR2816576	0	149	0.0	0	10020	0.0
ERR2816579	1	144	0.00694	18	9950	0.00181
ERR2816582	1	276	0.00362	28	10006	0.0028
ERR2816603	1	147	0.0068	21	9986	0.0021
ERR2816632	1	97	0.01031	145	9940	0.01459
ERR2816687	1	42	0.02381	103	10108	0.01019
ERR2816919	0	64	0.0	0	10030	0.0
ERR2817054	1	79	0.01266	16	10040	0.00159
ERR2817065	1	116	0.00862	11	9971	0.0011
ERR844182	0	409	0.0	0	10170	0.0
ERR844188	0	360	0.0	0	10172	0.0
ERR844191	0	529	0.0	0	10184	0.0
ERR844199	0	443	0.0	0	10129	0.0
SRR027979	0	290	0.0	0	8631	0.0
SRR027980	2	340	0.00588	53	9315	0.00569
SRR027981	0	298	0.0	0	8925	0.0
SRR027985	0	395	0.0	0	9244	0.0
SRR1557179	0	282	0.0	0	10016	0.0
SRR1557181	2	322	0.00621	16	9973	0.0016
SRR1559234	0	288	0.0	0	9954	0.0
SRR1559238	0	265	0.0	0	9943	0.0
SRR1559243	1	250	0.004	26	9973	0.00261
SRR1559246	1	253	0.00395	7	9877	0.00071
SRR1559247	0	320	0.0	0	9967	0.0
SRR1559254	0	269	0.0	0	9954	0.0
SRR1559255	0	309	0.0	0	9913	0.0
SRR1559257	0	240	0.0	0	9961	0.0
SRR1559260	1	268	0.00373	4	10095	0.0004
SRR1559261	0	258	0.0	0	9999	0.0
SRR1824331	0	256	0.0	0	10074	0.0
SRR1824333	5	559	0.00894	38	9990	0.0038
SRR1824334	1	361	0.00277	22	10041	0.00219
SRR1824338	2	441	0.00454	14	9967	0.0014
SRR1824339	1	301	0.00332	118	10021	0.01178
SRR1824341	1	451	0.00222	43	9993	0.0043
SRR1824343	3	433	0.00693	329	9947	0.03308
SRR1824345	2	241	0.0083	134	10028	0.01336
SRR1824346	1	373	0.00268	140	10040	0.01394
SRR1824347	2	421	0.00475	26	9970	0.00261
SRR1824348	1	212	0.00472	117	10068	0.01162
SRR1824349	1	339	0.00295	84	10004	0.0084
SRR1824354	2	364	0.00549	16	10008	0.0016
SRR1824358	1	323	0.0031	28	10052	0.00279
SRR1824361	1	299	0.00334	9	10085	0.00089
SRR1824363	0	228	0.0	0	10008	0.0
SRR1824371	1	290	0.00345	31	9951	0.00312
SRR1824372	1	236	0.00424	14	9952	0.00141
SRR1824419	3	224	0.01339	34	10025	0.00339
SRR1824422	4	193	0.02073	39	9912	0.00393
SRR1824423	1	197	0.00508	18	9785	0.00184
SRR1824426	2	190	0.01053	14	9939	0.00141
SRR1824431	3	153	0.01961	52	10086	0.00516
SRR1824432	4	158	0.02532	37	10077	0.00367
SRR1824433	1	157	0.00637	16	9876	0.00162
SRR1824434	4	228	0.01754	83	10045	0.00826
SRR1824435	2	154	0.01299	26	9874	0.00263
SRR1824436	3	170	0.01765	86	9865	0.00872
SRR1824437	3	254	0.01181	34	9842	0.00345
SRR1824443	2	253	0.00791	28	10024	0.00279
SRR1952960	1	213	0.00469	9	9958	0.0009
SRR1952967	2	208	0.00962	18	9891	0.00182
SRR1952968	2	212	0.00943	9	9950	0.0009
SRR2006026	0	260	0.0	0	10202	0.0
SRR2006031	0	276	0.0	0	10235	0.0
SRR2006041	0	167	0.0	0	10226	0.0
SRR2051573	1	84	0.0119	46	10149	0.00453
SRR2051574	1	94	0.01064	24	10133	0.00237
SRR2051576	0	75	0.0	0	10159	0.0
SRR2051577	1	89	0.01124	19	10163	0.00187
SRR2061236	0	171	0.0	0	10240	0.0
SRR2061279	0	168	0.0	0	10237	0.0
SRR2061294	0	162	0.0	0	10226	0.0
SRR2061298	0	153	0.0	0	10218	0.0
SRR2061301	0	183	0.0	0	10206	0.0
SRR2098493	2	76	0.02632	105	10035	0.01046
SRR2098495	0	61	0.0	0	10128	0.0
SRR2098500	0	72	0.0	0	10144	0.0
SRR2098513	0	58	0.0	0	9882	0.0
SRR2098515	0	52	0.0	0	10162	0.0
SRR2098535	0	45	0.0	0	9794	0.0
SRR2130143	1	499	0.002	10	10046	0.001
SRR2130144	1	323	0.0031	16	10013	0.0016
SRR2130153	1	517	0.00193	11	10078	0.00109
SRR2549664	0	194	0.0	0	10104	0.0
SRR2549666	0	92	0.0	0	10109	0.0
SRR2549674	0	171	0.0	0	9833	0.0
SRR2549703	0	271	0.0	0	9853	0.0
SRR2821180	0	111	0.0	0	10148	0.0
SRR2821181	0	100	0.0	0	10203	0.0
SRR2821184	0	105	0.0	0	10168	0.0
SRR2821185	1	114	0.00877	8	10145	0.00079
SRR2821187	0	99	0.0	0	10151	0.0
SRR2827635	0	336	0.0	0	10089	0.0
SRR2827642	3	344	0.00872	16	10141	0.00158
SRR3068449	0	184	0.0	0	10244	0.0
SRR3098327	3	392	0.00765	24	10132	0.00237
SRR3098343	3	407	0.00737	15	10177	0.00147
SRR3741936	0	113	0.0	0	9621	0.0
SRR3741946	0	60	0.0	0	9011	0.0
SRR3742027	0	74	0.0	0	8467	0.0
SRR3742054	0	116	0.0	0	9523	0.0
SRR3742072	0	50	0.0	0	8334	0.0
SRR3742077	0	99	0.0	0	9129	0.0
SRR3835568	1	141	0.00709	11	10217	0.00108
SRR3879438	1	156	0.00641	10	10132	0.00099
SRR4384494	0	97	0.0	0	9394	0.0
SRR4384516	0	100	0.0	0	9447	0.0
SRR4436298	0	162	0.0	0	10049	0.0
SRR4779870	0	109	0.0	0	9935	0.0
SRR4779886	0	103	0.0	0	9603	0.0
SRR4779890	0	112	0.0	0	9815	0.0
SRR4780031	0	95	0.0	0	9037	0.0
SRR4780098	0	99	0.0	0	9595	0.0
SRR4780199	0	84	0.0	0	9936	0.0
SRR4780211	0	100	0.0	0	9064	0.0
SRR5046909	2	155	0.0129	22	10134	0.00217
SRR5046916	0	130	0.0	0	10137	0.0
SRR5150126	0	113	0.0	0	9843	0.0
SRR5150129	0	108	0.0	0	9718	0.0
SRR5150131	0	114	0.0	0	9983	0.0
SRR5150137	1	106	0.00943	65	9806	0.00663
SRR5150140	0	99	0.0	0	9852	0.0
SRR5150143	0	156	0.0	0	9908	0.0
SRR5150144	0	111	0.0	0	10035	0.0
SRR5150145	0	123	0.0	0	9845	0.0
SRR5150147	0	139	0.0	0	9895	0.0
SRR5150148	0	131	0.0	0	9899	0.0
SRR5150153	0	116	0.0	0	9976	0.0
SRR5150157	0	102	0.0	0	9712	0.0
SRR5150158	0	120	0.0	0	9928	0.0
SRR5150159	0	112	0.0	0	9844	0.0
SRR5150166	0	115	0.0	0	9933	0.0
SRR5150171	1	109	0.00917	69	9876	0.00699
SRR5150175	0	101	0.0	0	9670	0.0
SRR5150176	0	122	0.0	0	9926	0.0
SRR5150179	0	131	0.0	0	9943	0.0
SRR5150180	0	119	0.0	0	9875	0.0
SRR5150181	0	82	0.0	0	9529	0.0
SRR5150184	1	130	0.00769	49	9836	0.00498
SRR5150185	0	94	0.0	0	9973	0.0
SRR5150193	0	134	0.0	0	9924	0.0
SRR5150196	0	87	0.0	0	9742	0.0
SRR5150207	0	148	0.0	0	9995	0.0
SRR5150208	0	115	0.0	0	9818	0.0
SRR5150210	0	116	0.0	0	9937	0.0
SRR5150214	1	131	0.00763	58	9996	0.0058
SRR5150217	0	118	0.0	0	10095	0.0
SRR5150219	1	132	0.00758	52	9554	0.00544
SRR5150222	0	113	0.0	0	9834	0.0
SRR5150229	0	107	0.0	0	10015	0.0
SRR5150231	1	84	0.0119	34	10146	0.00335
SRR5150232	0	85	0.0	0	9689	0.0
SRR5150236	0	117	0.0	0	10141	0.0
SRR5150237	0	102	0.0	0	9668	0.0
SRR5150238	1	151	0.00662	33	9829	0.00336
SRR5150240	0	129	0.0	0	9915	0.0
SRR5150242	1	112	0.00893	22	10173	0.00216
SRR5150246	0	113	0.0	0	9836	0.0
SRR5150248	0	99	0.0	0	9904	0.0
SRR5150249	0	126	0.0	0	9949	0.0
SRR5150251	0	133	0.0	0	9901	0.0
SRR5150253	0	143	0.0	0	9820	0.0
SRR5150255	1	133	0.00752	156	10016	0.01558
SRR5150257	0	80	0.0	0	10136	0.0
SRR5150258	0	154	0.0	0	8908	0.0
SRR5150259	2	121	0.01653	125	9868	0.01267
SRR5150260	0	116	0.0	0	9803	0.0
SRR5150261	1	88	0.01136	19	10150	0.00187
SRR5150265	0	126	0.0	0	10002	0.0
SRR5150267	0	116	0.0	0	9832	0.0
SRR5150268	0	136	0.0	0	9963	0.0
SRR5150270	0	114	0.0	0	9940	0.0
SRR5155511	1	129	0.00775	9	10158	0.00089
SRR5155515	1	115	0.0087	8	10225	0.00078
SRR5155520	0	91	0.0	0	10184	0.0
SRR5155523	0	155	0.0	0	10212	0.0
SRR5155537	0	161	0.0	0	10199	0.0
SRR5155540	0	64	0.0	0	10227	0.0
SRR5155543	0	144	0.0	0	10222	0.0
SRR5155555	1	119	0.0084	14	10214	0.00137
SRR5327699	2	126	0.01587	17	9069	0.00187
SRR5570706	3	444	0.00676	13	10159	0.00128
SRR5570707	1	516	0.00194	9	10181	0.00088
SRR5570715	0	420	0.0	0	10122	0.0
SRR5570720	1	476	0.0021	8	10124	0.00079
SRR5570725	0	564	0.0	0	10112	0.0
SRR5570734	0	417	0.0	0	10056	0.0
SRR5570742	0	540	0.0	0	10118	0.0
SRR5570749	2	549	0.00364	16	10126	0.00158
SRR5570759	3	650	0.00462	37	10031	0.00369
SRR5570761	4	615	0.0065	16	10156	0.00158
SRR5570762	2	593	0.00337	16	10152	0.00158
SRR5570764	1	565	0.00177	11	10070	0.00109
SRR5570766	1	591	0.00169	9	10108	0.00089
SRR5570779	0	411	0.0	0	10084	0.0
SRR5570792	2	427	0.00468	18	10045	0.00179
SRR5570805	2	546	0.00366	15	10186	0.00147
SRR5570806	0	455	0.0	0	10106	0.0
SRR5591493	1	144	0.00694	2	10225	0.0002
SRR5591510	1	143	0.00699	12	10219	0.00117
SRR5591516	0	170	0.0	0	10200	0.0
SRR5595792	0	544	0.0	0	10116	0.0
SRR5595802	1	518	0.00193	3	10132	0.0003
SRR5595809	1	460	0.00217	10	10123	0.00099
SRR5595875	2	426	0.00469	17	10085	0.00169
SRR5595876	1	396	0.00253	13	10141	0.00128
SRR5595883	0	523	0.0	0	10143	0.0
SRR5595925	1	443	0.00226	13	10161	0.00128
SRR5595926	2	470	0.00426	20	10137	0.00197
SRR5595939	3	425	0.00706	16	10108	0.00158
SRR5617429	0	104	0.0	0	10200	0.0
SRR5617466	0	65	0.0	0	10228	0.0
SRR5617481	0	106	0.0	0	10153	0.0
SRR5626054	2	230	0.0087	11	10232	0.00108
SRR5626057	2	176	0.01136	15	10243	0.00146
SRR5626059	1	254	0.00394	23	10237	0.00225
SRR5626060	7	328	0.02134	277	10232	0.02707
SRR5626168	4	303	0.0132	104	10246	0.01015
SRR5626169	5	260	0.01923	46	10232	0.0045
SRR5626170	3	243	0.01235	31	10237	0.00303
SRR5626194	7	229	0.03057	50	10224	0.00489
SRR5626195	7	264	0.02652	91	10237	0.00889
SRR5626197	4	361	0.01108	48	10238	0.00469
SRR5626198	0	219	0.0	0	10234	0.0
SRR5626199	1	199	0.00503	10	10228	0.00098
SRR5626203	10	325	0.03077	81	10238	0.00791
SRR5626208	3	227	0.01322	58	10242	0.00566
SRR5827497	0	73	0.0	0	10223	0.0
SRR5827514	0	129	0.0	0	10176	0.0
SRR5827519	0	184	0.0	0	10202	0.0
SRR5908592	0	79	0.0	0	10078	0.0
SRR5908604	0	92	0.0	0	9941	0.0
SRR5908682	0	84	0.0	0	9930	0.0
SRR5908687	0	65	0.0	0	9914	0.0
SRR5908693	0	81	0.0	0	9944	0.0
SRR5908742	0	89	0.0	0	9948	0.0
SRR5908745	0	82	0.0	0	9941	0.0
SRR6235175	1	175	0.00571	24	10233	0.00235
SRR6235206	0	94	0.0	0	9998	0.0
SRR6235214	3	229	0.0131	25	10226	0.00244
SRR6287204	1	75	0.01333	28	10246	0.00273
SRR6287205	2	92	0.02174	179	10225	0.01751
SRR6287206	1	74	0.01351	250	10230	0.02444
SRR6287208	3	79	0.03797	309	10236	0.03019
SRR6287209	1	76	0.01316	265	10242	0.02587
SRR6287211	2	90	0.02222	345	10205	0.03381
SRR6287214	1	60	0.01667	232	10223	0.02269
SRR6287221	3	82	0.03659	340	10224	0.03326
SRR6287227	2	102	0.01961	496	10233	0.04847
SRR6287229	1	93	0.01075	254	10232	0.02482
SRR6287231	1	109	0.00917	128	10217	0.01253
SRR6287232	1	94	0.01064	101	10238	0.00987
SRR6287238	1	99	0.0101	31	10232	0.00303
SRR6287246	0	52	0.0	0	10226	0.0
SRR6287259	3	90	0.03333	540	10213	0.05287
SRR6287268	0	99	0.0	0	10229	0.0
SRR6287269	2	85	0.02353	102	10237	0.00996
SRR6287270	4	75	0.05333	392	10241	0.03828
SRR6287271	2	98	0.02041	67	10214	0.00656
SRR6287273	3	74	0.04054	280	10228	0.02738
SRR6287274	2	73	0.0274	172	10216	0.01684
SRR6287275	0	73	0.0	0	10229	0.0
SRR6287277	1	89	0.01124	106	10233	0.01036
SRR6287278	2	106	0.01887	102	10240	0.00996
SRR6287280	1	81	0.01235	242	10238	0.02364
SRR6287282	1	58	0.01724	12	10231	0.00117
SRR6287285	0	71	0.0	0	10217	0.0
SRR6287298	1	103	0.00971	90	10227	0.0088
SRR6287299	2	86	0.02326	139	10212	0.01361
SRR6287305	0	61	0.0	0	10224	0.0
SRR6287306	0	83	0.0	0	10226	0.0
SRR6287321	1	94	0.01064	39	10212	0.00382
SRR6287323	1	68	0.01471	104	10179	0.01022
SRR6287324	1	84	0.0119	33	10223	0.00323
SRR6287329	0	45	0.0	0	10239	0.0
SRR6287332	0	106	0.0	0	10198	0.0
SRR6287335	1	92	0.01087	239	10218	0.02339
SRR6287337	2	77	0.02597	218	10222	0.02133
SRR6287338	0	70	0.0	0	10228	0.0
SRR6287342	2	69	0.02899	376	10237	0.03673
SRR6287343	2	94	0.02128	73	10227	0.00714
SRR6287346	1	111	0.00901	99	10212	0.00969
SRR6287347	1	98	0.0102	149	10244	0.01455
SRR6287351	1	84	0.0119	13	10244	0.00127
SRR6325756	6	249	0.0241	180	10226	0.0176
SRR6325757	6	302	0.01987	148	10203	0.01451
SRR6325758	10	367	0.02725	174	10229	0.01701
SRR6325759	8	336	0.02381	181	10226	0.0177
SRR6325761	12	306	0.03922	183	10232	0.01789
SRR6325762	9	323	0.02786	136	10231	0.01329
SRR6325763	7	323	0.02167	124	10187	0.01217
SRR6325764	9	315	0.02857	126	10220	0.01233
SRR6325765	7	483	0.01449	152	10210	0.01489
SRR6325766	9	313	0.02875	159	10206	0.01558
SRR6325767	7	373	0.01877	181	10225	0.0177
SRR6325768	9	324	0.02778	191	10209	0.01871
SRR6325769	9	319	0.02821	190	10196	0.01863
SRR6325770	7	358	0.01955	195	10209	0.0191
SRR6325771	8	409	0.01956	188	10226	0.01838
SRR6325772	5	298	0.01678	129	10216	0.01263
SRR6340152	0	495	0.0	0	10151	0.0
SRR6340153	0	572	0.0	0	10125	0.0
SRR6340154	0	573	0.0	0	10159	0.0
SRR6340155	0	533	0.0	0	10185	0.0
SRR6340156	0	527	0.0	0	10159	0.0
SRR6340157	5	519	0.00963	80	10205	0.00784
SRR6340158	0	550	0.0	0	10171	0.0
SRR6340160	0	419	0.0	0	10171	0.0
SRR6340161	0	477	0.0	0	10140	0.0
SRR6340162	0	494	0.0	0	10167	0.0
SRR6340164	0	556	0.0	0	10208	0.0
SRR6340166	0	609	0.0	0	10194	0.0
SRR6340167	0	623	0.0	0	10137	0.0
SRR6340168	0	530	0.0	0	10156	0.0
SRR6340169	0	566	0.0	0	10184	0.0
SRR6340170	0	572	0.0	0	10160	0.0
SRR6340171	0	656	0.0	0	10180	0.0
SRR6340172	2	615	0.00325	9	10145	0.00089
SRR6340173	0	539	0.0	0	10154	0.0
SRR6340174	0	585	0.0	0	10117	0.0
SRR6340175	6	540	0.01111	79	10174	0.00776
SRR6340176	0	467	0.0	0	10187	0.0
SRR6340177	0	569	0.0	0	10185	0.0
SRR6340178	0	496	0.0	0	10198	0.0
SRR6340179	0	563	0.0	0	10155	0.0
SRR6340181	0	596	0.0	0	10172	0.0
SRR6340182	0	545	0.0	0	10141	0.0
SRR6340183	0	545	0.0	0	10153	0.0
SRR6340185	0	577	0.0	0	10138	0.0
SRR6508103	0	58	0.0	0	9896	0.0
SRR6508114	0	68	0.0	0	9976	0.0
SRR6508120	1	63	0.01587	150	9921	0.01512
SRR6508121	0	55	0.0	0	9936	0.0
SRR6508125	0	72	0.0	0	10075	0.0
SRR6508127	0	54	0.0	0	9828	0.0
SRR6508129	1	53	0.01887	58	10018	0.00579
SRR6508131	0	47	0.0	0	10070	0.0
SRR6508133	0	50	0.0	0	10058	0.0
SRR6508134	0	71	0.0	0	9922	0.0
SRR6508143	0	53	0.0	0	10076	0.0
SRR6511218	0	49	0.0	0	10183	0.0
SRR6511224	0	65	0.0	0	10189	0.0
SRR6511225	3	100	0.03	53	10143	0.00523
SRR6511226	2	70	0.02857	120	10167	0.0118
SRR6511227	2	77	0.02597	80	10202	0.00784
SRR6511230	0	97	0.0	0	10139	0.0
SRR6511231	1	74	0.01351	28	10113	0.00277
SRR6511234	0	143	0.0	0	10156	0.0
SRR6511235	0	156	0.0	0	10114	0.0
SRR6511240	1	85	0.01176	35	10102	0.00346
SRR6511241	2	69	0.02899	139	10225	0.01359
SRR6511253	0	71	0.0	0	10229	0.0
SRR6511259	0	67	0.0	0	10158	0.0
SRR6511261	3	89	0.03371	128	10215	0.01253
SRR6511262	0	121	0.0	0	10145	0.0
SRR6511266	0	136	0.0	0	10126	0.0
SRR6511268	1	141	0.00709	39	10170	0.00383
SRR6511270	3	71	0.04225	242	10178	0.02378
SRR6511271	2	101	0.0198	91	10181	0.00894
SRR6511281	0	96	0.0	0	10175	0.0
SRR6511282	0	81	0.0	0	10233	0.0
SRR6511283	0	97	0.0	0	10085	0.0
SRR6511284	0	93	0.0	0	10204	0.0
SRR6511285	4	97	0.04124	315	10182	0.03094
SRR6511291	1	141	0.00709	37	10163	0.00364
SRR6511292	1	95	0.01053	91	10157	0.00896
SRR6511293	0	99	0.0	0	10133	0.0
SRR6511301	0	120	0.0	0	10134	0.0
SRR6511302	2	93	0.02151	66	10152	0.0065
SRR6511303	2	70	0.02857	184	10141	0.01814
SRR6511304	3	94	0.03191	358	10228	0.035
SRR6511308	5	97	0.05155	141	10178	0.01385
SRR6511310	0	76	0.0	0	10119	0.0
SRR6511311	4	82	0.04878	113	10186	0.01109
SRR6511312	2	95	0.02105	45	10114	0.00445
SRR6511313	1	88	0.01136	44	10170	0.00433
SRR6511316	4	83	0.04819	168	10179	0.0165
SRR6511317	2	85	0.02353	150	10166	0.01476
SRR6511686	0	78	0.0	0	10165	0.0
SRR6511706	1	70	0.01429	28	10128	0.00276
SRR6511716	0	97	0.0	0	10053	0.0
SRR6511717	0	96	0.0	0	10128	0.0
SRR6511724	0	108	0.0	0	10062	0.0
SRR6511736	1	125	0.008	45	10033	0.00449
SRR6511744	1	111	0.00901	27	10140	0.00266
SRR6511753	0	93	0.0	0	10146	0.0
SRR6511758	0	80	0.0	0	10206	0.0
SRR6962106	2	154	0.01299	119	10187	0.01168
SRR6962108	1	149	0.00671	24	10206	0.00235
SRR6962109	1	178	0.00562	9	10163	0.00089
SRR6962110	2	166	0.01205	29	10189	0.00285
SRR6962111	1	204	0.0049	30	10195	0.00294
SRR6962112	3	181	0.01657	40	10187	0.00393
SRR6962113	0	166	0.0	0	10146	0.0
SRR6962114	2	159	0.01258	60	10220	0.00587
SRR6962115	0	125	0.0	0	10193	0.0
SRR6962116	0	137	0.0	0	10172	0.0
SRR7091533	0	157	0.0	0	10067	0.0
SRR7221447	0	130	0.0	0	10253	0.0
SRR7275938	0	68	0.0	0	10232	0.0
SRR7286093	1	85	0.01176	21	10223	0.00205
SRR7286098	1	111	0.00901	9	10182	0.00088
SRR7633193	0	129	0.0	0	10030	0.0
TARA042DCM	0	72	0.0	0	7528	0.0
TARA056MES	0	62	0.0	0	9098	0.0
TARA062SRF	0	45	0.0	0	9110	0.0
TARA109SRF	0	83	0.0	0	8489	0.0
TARA123MIX	0	51	0.0	0	8900	0.0
TARA124SRF	0	43	0.0	0	8843	0.0
TARA133DCM	0	52	0.0	0	8994	0.0
TARA150DCM	0	53	0.0	0	9071	0.0
