DRR027530	1	81	0.01235	25	9884	0.00253
DRR027533	0	120	0.0	0	9728	0.0
DRR028683	0	130	0.0	0	10215	0.0
DRR028690	0	136	0.0	0	10214	0.0
DRR028692	1	147	0.0068	22	10209	0.00215
DRR028695	2	164	0.0122	30	10229	0.00293
DRR028723	1	215	0.00465	9	10168	0.00089
DRR028737	0	222	0.0	0	10202	0.0
DRR028749	1	154	0.00649	9	10177	0.00088
DRR057927	1	364	0.00275	13	9678	0.00134
DRR057928	0	363	0.0	0	9576	0.0
DRR057929	1	328	0.00305	7	9519	0.00074
DRR057934	0	323	0.0	0	9801	0.0
DRR060143	0	416	0.0	0	10085	0.0
DRR060150	0	298	0.0	0	10114	0.0
DRR060159	0	390	0.0	0	10024	0.0
DRR060165	1	541	0.00185	2	10119	0.0002
DRR060166	0	500	0.0	0	9772	0.0
DRR060169	1	584	0.00171	3	10072	0.0003
DRR065508	1	517	0.00193	11	10018	0.0011
DRR065509	0	485	0.0	0	10084	0.0
DRR065513	0	561	0.0	0	10058	0.0
DRR065514	0	570	0.0	0	10079	0.0
DRR065515	3	537	0.00559	15	10121	0.00148
DRR065526	0	547	0.0	0	10143	0.0
DRR065529	2	455	0.0044	14	10109	0.00138
DRR065533	0	467	0.0	0	10136	0.0
DRR065543	0	528	0.0	0	9948	0.0
DRR065546	1	580	0.00172	3	10133	0.0003
DRR065547	1	542	0.00185	10	10098	0.00099
DRR065548	2	567	0.00353	12	10067	0.00119
DRR065555	0	547	0.0	0	10060	0.0
DRR065556	0	524	0.0	0	9986	0.0
DRR065560	1	563	0.00178	10	10066	0.00099
DRR065564	0	490	0.0	0	10114	0.0
DRR065566	0	439	0.0	0	10068	0.0
DRR065567	1	457	0.00219	22	10080	0.00218
DRR065568	2	483	0.00414	28	10129	0.00276
DRR065569	3	468	0.00641	41	10077	0.00407
DRR075441	11	155	0.07097	487	9972	0.04884
DRR089775	0	27	0.0	0	9982	0.0
DRR089777	0	33	0.0	0	9956	0.0
ERR1103000	0	61	0.0	0	10116	0.0
ERR1103029	1	74	0.01351	43	10033	0.00429
ERR1103102	0	61	0.0	0	10045	0.0
ERR1103123	1	80	0.0125	204	10010	0.02038
ERR1103129	0	64	0.0	0	9976	0.0
ERR1103145	0	56	0.0	0	9973	0.0
ERR1103177	1	69	0.01449	325	10081	0.03224
ERR1103192	0	37	0.0	0	9739	0.0
ERR1103247	0	64	0.0	0	9832	0.0
ERR1103250	1	40	0.025	156	9954	0.01567
ERR1103251	2	63	0.03175	395	9798	0.04031
ERR1103252	3	65	0.04615	516	9920	0.05202
ERR1103262	1	61	0.01639	50	9860	0.00507
ERR1103267	1	76	0.01316	147	9841	0.01494
ERR1103270	0	51	0.0	0	9777	0.0
ERR1103274	0	44	0.0	0	9924	0.0
ERR1103278	0	56	0.0	0	9601	0.0
ERR1103290	2	66	0.0303	258	9906	0.02604
ERR1103301	2	59	0.0339	300	9323	0.03218
ERR1103302	0	64	0.0	0	9640	0.0
ERR1103303	4	75	0.05333	201	9324	0.02156
ERR1103316	0	67	0.0	0	9761	0.0
ERR1103322	0	42	0.0	0	9476	0.0
ERR1103324	1	43	0.02326	164	9354	0.01753
ERR1103329	3	51	0.05882	521	9606	0.05424
ERR1103340	0	54	0.0	0	9555	0.0
ERR1103343	0	65	0.0	0	9485	0.0
ERR1103345	2	63	0.03175	112	9601	0.01167
ERR1103349	2	71	0.02817	170	9541	0.01782
ERR1103369	0	54	0.0	0	9395	0.0
ERR1202025	2	176	0.01136	8	10192	0.00078
ERR1202026	0	187	0.0	0	10208	0.0
ERR1202031	2	168	0.0119	15	10227	0.00147
ERR1202032	0	168	0.0	0	10229	0.0
ERR1202034	0	208	0.0	0	10156	0.0
ERR1202038	1	208	0.00481	7	10156	0.00069
ERR1202043	1	187	0.00535	8	10192	0.00078
ERR1202045	1	163	0.00613	7	10229	0.00068
ERR1419289	4	288	0.01389	60	10124	0.00593
ERR1419290	5	505	0.0099	43	10141	0.00424
ERR1419291	1	247	0.00405	20	10137	0.00197
ERR1419292	1	461	0.00217	36	10112	0.00356
ERR1419297	9	501	0.01796	93	10173	0.00914
ERR1419301	2	384	0.00521	73	10098	0.00723
ERR1419302	5	430	0.01163	78	10113	0.00771
ERR1512316	5	202	0.02475	717	10123	0.07083
ERR1512337	6	342	0.01754	97	10102	0.0096
ERR1512346	5	231	0.02165	32	10106	0.00317
ERR1512349	8	163	0.04908	699	10063	0.06946
ERR1512353	13	337	0.03858	163	10038	0.01624
ERR1512354	12	291	0.04124	1826	10077	0.1812
ERR1520149	0	248	0.0	0	9515	0.0
ERR1520196	0	230	0.0	0	9715	0.0
ERR1520219	1	184	0.00543	14	9927	0.00141
ERR1520223	0	197	0.0	0	9985	0.0
ERR1530739	0	101	0.0	0	10214	0.0
ERR1530740	0	119	0.0	0	10216	0.0
ERR1530759	2	156	0.01282	37	10217	0.00362
ERR1530774	0	113	0.0	0	10235	0.0
ERR1530784	0	128	0.0	0	10229	0.0
ERR1535947	4	200	0.02	23	10157	0.00226
ERR1535950	1	207	0.00483	23	10130	0.00227
ERR1535970	7	281	0.02491	196	10169	0.01927
ERR1535974	6	267	0.02247	193	10164	0.01899
ERR1538555	0	240	0.0	0	10137	0.0
ERR1538556	0	514	0.0	0	10125	0.0
ERR1538559	4	542	0.00738	12	10188	0.00118
ERR1538576	0	702	0.0	0	10095	0.0
ERR1538579	0	624	0.0	0	10125	0.0
ERR1538581	0	261	0.0	0	10148	0.0
ERR1538582	0	530	0.0	0	10115	0.0
ERR1538585	0	575	0.0	0	10128	0.0
ERR1538586	1	259	0.00386	19	10143	0.00187
ERR1538588	0	499	0.0	0	10126	0.0
ERR1538592	0	559	0.0	0	10139	0.0
ERR1538655	1	199	0.00503	2	10156	0.0002
ERR1538676	0	480	0.0	0	10109	0.0
ERR1538678	1	679	0.00147	5	10055	0.0005
ERR1538681	3	836	0.00359	7	10114	0.00069
ERR1538684	1	704	0.00142	7	10017	0.0007
ERR1538689	6	595	0.01008	27	10099	0.00267
ERR1538755	4	678	0.0059	31	10099	0.00307
ERR1538766	4	650	0.00615	17	10014	0.0017
ERR1538801	0	610	0.0	0	10163	0.0
ERR1538826	0	387	0.0	0	10177	0.0
ERR1538831	0	353	0.0	0	10165	0.0
ERR1538842	0	740	0.0	0	10078	0.0
ERR1538886	1	662	0.00151	12	10081	0.00119
ERR1543757	1	559	0.00179	14	10052	0.00139
ERR1543765	1	559	0.00179	8	10069	0.00079
ERR1543798	1	186	0.00538	12	10143	0.00118
ERR1543799	2	220	0.00909	63	10154	0.0062
ERR1543827	3	179	0.01676	71	10224	0.00694
ERR1543831	0	182	0.0	0	10199	0.0
ERR1543844	1	188	0.00532	6	10189	0.00059
ERR1543845	8	257	0.03113	138	10205	0.01352
ERR1543849	13	273	0.04762	293	10154	0.02886
ERR1543864	5	191	0.02618	92	10161	0.00905
ERR1543865	11	203	0.05419	219	10217	0.02143
ERR1543866	1	127	0.00787	4	10197	0.00039
ERR1543875	0	167	0.0	0	10159	0.0
ERR1543885	1	181	0.00552	11	10188	0.00108
ERR1543886	2	190	0.01053	32	10204	0.00314
ERR1543888	0	132	0.0	0	10205	0.0
ERR1543892	12	255	0.04706	220	10141	0.02169
ERR1543893	7	225	0.03111	152	10159	0.01496
ERR1543894	4	174	0.02299	87	10206	0.00852
ERR1543895	13	200	0.065	339	10211	0.0332
ERR1543898	0	131	0.0	0	10220	0.0
ERR1543906	11	267	0.0412	223	10147	0.02198
ERR1543928	20	223	0.08969	558	10183	0.0548
ERR1543934	0	153	0.0	0	10197	0.0
ERR1543935	0	160	0.0	0	10214	0.0
ERR1543936	1	192	0.00521	25	10218	0.00245
ERR1544013	0	87	0.0	0	10215	0.0
ERR1544015	0	99	0.0	0	10241	0.0
ERR1544016	0	85	0.0	0	10231	0.0
ERR1544027	0	69	0.0	0	10233	0.0
ERR1544106	0	110	0.0	0	10218	0.0
ERR1544119	0	91	0.0	0	10225	0.0
ERR1544127	0	119	0.0	0	10224	0.0
ERR1544130	0	121	0.0	0	10212	0.0
ERR1544160	1	127	0.00787	4	10203	0.00039
ERR1544169	0	99	0.0	0	10236	0.0
ERR1544194	0	141	0.0	0	10205	0.0
ERR1544224	0	115	0.0	0	10229	0.0
ERR1544276	0	132	0.0	0	10207	0.0
ERR1544292	2	412	0.00485	8	10164	0.00079
ERR1544295	1	412	0.00243	5	10173	0.00049
ERR1544297	0	373	0.0	0	10170	0.0
ERR1544309	1	328	0.00305	3	10159	0.0003
ERR1544314	1	253	0.00395	6	10197	0.00059
ERR1544316	0	292	0.0	0	10197	0.0
ERR1544322	1	443	0.00226	10	10164	0.00098
ERR1544323	2	413	0.00484	8	10182	0.00079
ERR1544326	0	298	0.0	0	10194	0.0
ERR1544337	2	322	0.00621	61	10188	0.00599
ERR1544340	0	365	0.0	0	10174	0.0
ERR1544344	0	215	0.0	0	10229	0.0
ERR1544347	2	259	0.00772	13	10204	0.00127
ERR1544352	1	279	0.00358	5	10179	0.00049
ERR1544365	1	283	0.00353	4	10176	0.00039
ERR1544369	2	363	0.00551	18	10151	0.00177
ERR1544372	2	221	0.00905	12	10210	0.00118
ERR1544374	5	325	0.01538	36	10186	0.00353
ERR1544377	1	316	0.00316	13	10170	0.00128
ERR1544393	0	373	0.0	0	10199	0.0
ERR1544413	1	301	0.00332	5	10205	0.00049
ERR1544421	1	239	0.00418	3	10214	0.00029
ERR1544669	1	377	0.00265	13	10115	0.00129
ERR1544673	3	425	0.00706	26	10134	0.00257
ERR1545578	2	416	0.00481	48	10094	0.00476
ERR1545580	8	403	0.01985	151	10147	0.01488
ERR1545581	4	415	0.00964	96	10110	0.0095
ERR1545582	3	338	0.00888	108	10165	0.01062
ERR1545583	8	403	0.01985	135	10139	0.01331
ERR1545584	6	368	0.0163	95	10163	0.00935
ERR1545585	6	405	0.01481	148	10148	0.01458
ERR1545586	7	408	0.01716	178	10159	0.01752
ERR1545587	7	388	0.01804	181	10174	0.01779
ERR1545590	7	392	0.01786	167	10123	0.0165
ERR1545591	9	387	0.02326	193	10120	0.01907
ERR1545592	8	307	0.02606	135	10158	0.01329
ERR1545593	8	362	0.0221	154	10150	0.01517
ERR1545594	3	379	0.00792	118	10122	0.01166
ERR1545595	6	412	0.01456	117	10075	0.01161
ERR1545596	11	375	0.02933	191	10141	0.01883
ERR1545597	10	364	0.02747	193	10157	0.019
ERR1545598	4	384	0.01042	109	10101	0.01079
ERR1545599	3	414	0.00725	83	10146	0.00818
ERR1545608	11	419	0.02625	152	10131	0.015
ERR1545609	2	399	0.00501	109	10145	0.01074
ERR1545612	8	365	0.02192	161	10142	0.01587
ERR1545613	7	360	0.01944	174	10154	0.01714
ERR1545614	4	428	0.00935	58	10153	0.00571
ERR1545615	8	424	0.01887	111	10158	0.01093
ERR1545616	3	455	0.00659	74	10110	0.00732
ERR1545618	3	426	0.00704	54	10136	0.00533
ERR1545619	3	401	0.00748	91	10130	0.00898
ERR1545622	13	450	0.02889	232	10113	0.02294
ERR1545626	1	448	0.00223	29	10143	0.00286
ERR1545629	3	420	0.00714	53	10132	0.00523
ERR1545634	5	595	0.0084	74	10203	0.00725
ERR1545636	4	444	0.00901	76	10111	0.00752
ERR1545638	4	428	0.00935	92	10155	0.00906
ERR1545643	8	419	0.01909	112	10147	0.01104
ERR1545644	8	460	0.01739	101	10141	0.00996
ERR1545651	9	357	0.02521	133	10136	0.01312
ERR1545652	3	355	0.00845	102	10131	0.01007
ERR1545653	4	386	0.01036	54	10094	0.00535
ERR1545655	3	418	0.00718	62	10132	0.00612
ERR1545656	2	412	0.00485	77	10092	0.00763
ERR1545658	9	479	0.01879	142	10100	0.01406
ERR1545659	5	456	0.01096	162	10161	0.01594
ERR1545660	3	424	0.00708	81	10116	0.00801
ERR1545661	7	408	0.01716	110	10132	0.01086
ERR1545662	4	408	0.0098	91	10142	0.00897
ERR1545663	6	401	0.01496	99	10166	0.00974
ERR1545664	2	391	0.00512	53	10132	0.00523
ERR1545665	10	402	0.02488	148	10047	0.01473
ERR1545666	6	398	0.01508	96	10159	0.00945
ERR1545667	4	391	0.01023	112	10122	0.01107
ERR1545668	11	411	0.02676	136	10117	0.01344
ERR1545670	13	405	0.0321	180	10148	0.01774
ERR1545672	9	653	0.01378	101	10217	0.00989
ERR1545673	5	411	0.01217	112	10115	0.01107
ERR1545674	6	426	0.01408	80	10124	0.0079
ERR1545675	7	428	0.01636	153	10080	0.01518
ERR1545676	5	417	0.01199	141	10080	0.01399
ERR1546940	0	298	0.0	0	10191	0.0
ERR1546941	0	322	0.0	0	10150	0.0
ERR1546942	0	340	0.0	0	10171	0.0
ERR1546945	0	310	0.0	0	10172	0.0
ERR1546950	0	359	0.0	0	10161	0.0
ERR1546953	0	322	0.0	0	10165	0.0
ERR1546965	0	266	0.0	0	10181	0.0
ERR1546966	0	270	0.0	0	10165	0.0
ERR1546970	0	277	0.0	0	10180	0.0
ERR1546994	1	224	0.00446	5	10191	0.00049
ERR1546999	0	240	0.0	0	10184	0.0
ERR1547000	0	246	0.0	0	10174	0.0
ERR1547001	1	240	0.00417	8	10177	0.00079
ERR1547002	0	240	0.0	0	10170	0.0
ERR1547131	1	335	0.00299	10	10186	0.00098
ERR1547132	1	343	0.00292	7	10164	0.00069
ERR1547136	1	349	0.00287	9	10180	0.00088
ERR1547138	2	369	0.00542	20	10127	0.00197
ERR1547145	1	342	0.00292	5	10182	0.00049
ERR1547173	1	252	0.00397	2	10201	0.0002
ERR1547175	0	240	0.0	0	10226	0.0
ERR1547182	0	256	0.0	0	10218	0.0
ERR1557980	3	461	0.00651	22	10112	0.00218
ERR1557985	5	476	0.0105	68	10157	0.00669
ERR1557988	5	498	0.01004	39	10199	0.00382
ERR1557996	7	463	0.01512	40	10235	0.00391
ERR1558020	0	362	0.0	0	10160	0.0
ERR1558032	0	320	0.0	0	10198	0.0
ERR1558034	0	311	0.0	0	10184	0.0
ERR1558037	1	444	0.00225	11	10197	0.00108
ERR1558054	4	494	0.0081	38	10195	0.00373
ERR1558058	1	508	0.00197	3	10168	0.0003
ERR1558061	2	461	0.00434	16	10177	0.00157
ERR1558077	3	593	0.00506	13	10154	0.00128
ERR1558084	1	535	0.00187	4	10138	0.00039
ERR1558764	0	265	0.0	0	10219	0.0
ERR1558771	1	336	0.00298	5	10182	0.00049
ERR1559040	2	567	0.00353	13	10048	0.00129
ERR1559043	1	583	0.00172	6	10074	0.0006
ERR1559046	1	540	0.00185	9	10034	0.0009
ERR1559052	1	578	0.00173	12	10068	0.00119
ERR1559058	1	555	0.0018	6	10069	0.0006
ERR1559059	0	538	0.0	0	10057	0.0
ERR1559061	2	568	0.00352	19	9915	0.00192
ERR1559067	1	530	0.00189	9	10035	0.0009
ERR1559071	2	538	0.00372	14	10054	0.00139
ERR1559074	0	546	0.0	0	10046	0.0
ERR1559075	1	511	0.00196	9	10062	0.00089
ERR1559076	1	490	0.00204	12	10097	0.00119
ERR1559080	3	575	0.00522	16	10047	0.00159
ERR1559081	1	531	0.00188	10	9976	0.001
ERR1559082	3	522	0.00575	27	9964	0.00271
ERR1559084	1	583	0.00172	6	9979	0.0006
ERR1559090	1	564	0.00177	5	9981	0.0005
ERR1559092	0	523	0.0	0	10008	0.0
ERR1559093	2	542	0.00369	20	10065	0.00199
ERR1559095	1	606	0.00165	5	9997	0.0005
ERR1559101	1	524	0.00191	4	10016	0.0004
ERR1559104	0	505	0.0	0	10059	0.0
ERR1559116	0	483	0.0	0	10012	0.0
ERR1559219	3	625	0.0048	25	10019	0.0025
ERR1559234	1	524	0.00191	4	10070	0.0004
ERR1559247	1	546	0.00183	7	10045	0.0007
ERR1559249	2	537	0.00372	20	10111	0.00198
ERR1559261	1	555	0.0018	13	10068	0.00129
ERR1559276	0	538	0.0	0	10013	0.0
ERR1559278	0	576	0.0	0	10085	0.0
ERR1559309	1	536	0.00187	8	10047	0.0008
ERR1559310	2	565	0.00354	19	10030	0.00189
ERR1559316	0	565	0.0	0	10082	0.0
ERR1559317	2	565	0.00354	20	10103	0.00198
ERR1559319	2	584	0.00342	11	10075	0.00109
ERR1559337	3	454	0.00661	29	10097	0.00287
ERR1559342	0	430	0.0	0	10085	0.0
ERR1559344	0	522	0.0	0	10027	0.0
ERR1559352	1	557	0.0018	10	10075	0.00099
ERR1559363	1	511	0.00196	13	10032	0.0013
ERR1559367	2	525	0.00381	12	10086	0.00119
ERR1559372	1	567	0.00176	12	10020	0.0012
ERR1559376	0	510	0.0	0	10055	0.0
ERR1559384	1	553	0.00181	15	10019	0.0015
ERR1559389	2	577	0.00347	27	10023	0.00269
ERR1559403	0	573	0.0	0	9987	0.0
ERR1559418	0	497	0.0	0	10056	0.0
ERR1559421	0	556	0.0	0	10055	0.0
ERR1559422	0	524	0.0	0	10072	0.0
ERR1559424	0	522	0.0	0	10019	0.0
ERR1559431	0	484	0.0	0	10077	0.0
ERR1559433	0	533	0.0	0	10021	0.0
ERR1559452	1	539	0.00186	9	10004	0.0009
ERR1559457	1	539	0.00186	8	10075	0.00079
ERR1559458	0	545	0.0	0	10053	0.0
ERR1559461	1	531	0.00188	6	10079	0.0006
ERR1559476	0	552	0.0	0	10084	0.0
ERR1559477	1	511	0.00196	7	10054	0.0007
ERR1559478	1	578	0.00173	5	10042	0.0005
ERR1559488	1	537	0.00186	10	10017	0.001
ERR1559495	0	546	0.0	0	10020	0.0
ERR1559522	0	497	0.0	0	10056	0.0
ERR1559554	0	546	0.0	0	10027	0.0
ERR1559560	1	534	0.00187	12	10046	0.00119
ERR1559567	0	566	0.0	0	10000	0.0
ERR1559579	2	575	0.00348	25	9980	0.00251
ERR1559580	0	589	0.0	0	9985	0.0
ERR1559583	0	568	0.0	0	10053	0.0
ERR1559589	0	524	0.0	0	10000	0.0
ERR1559590	3	542	0.00554	23	9988	0.0023
ERR1559594	2	546	0.00366	14	10006	0.0014
ERR1559598	1	547	0.00183	2	10058	0.0002
ERR1559606	1	594	0.00168	6	10065	0.0006
ERR1559612	1	559	0.00179	9	10063	0.00089
ERR1559618	1	608	0.00164	5	10099	0.0005
ERR1559621	1	561	0.00178	8	10050	0.0008
ERR1559638	1	520	0.00192	5	10043	0.0005
ERR1559644	1	568	0.00176	18	10013	0.0018
ERR1559649	0	512	0.0	0	10099	0.0
ERR1559674	0	433	0.0	0	9986	0.0
ERR1559686	0	557	0.0	0	10050	0.0
ERR1559700	1	519	0.00193	5	9996	0.0005
ERR1559723	0	519	0.0	0	10108	0.0
ERR1559733	0	493	0.0	0	9947	0.0
ERR1581950	2	258	0.00775	20	9942	0.00201
ERR1581952	0	290	0.0	0	9995	0.0
ERR1581955	0	300	0.0	0	9972	0.0
ERR1581960	1	249	0.00402	8	9987	0.0008
ERR1581961	0	269	0.0	0	9964	0.0
ERR1581962	2	271	0.00738	18	9859	0.00183
ERR1581965	0	261	0.0	0	10012	0.0
ERR1581968	0	263	0.0	0	10038	0.0
ERR1581973	1	274	0.00365	6	10042	0.0006
ERR1581977	0	262	0.0	0	10030	0.0
ERR1581978	0	258	0.0	0	10000	0.0
ERR1581979	0	275	0.0	0	10002	0.0
ERR1581981	0	273	0.0	0	10039	0.0
ERR1581986	1	265	0.00377	11	10068	0.00109
ERR1581998	0	271	0.0	0	10041	0.0
ERR1582004	1	246	0.00407	9	10039	0.0009
ERR1582010	0	251	0.0	0	9989	0.0
ERR1582023	0	140	0.0	0	10084	0.0
ERR1582032	0	148	0.0	0	10150	0.0
ERR1582083	1	110	0.00909	4	10095	0.0004
ERR1582088	0	121	0.0	0	10186	0.0
ERR1582089	2	124	0.01613	24	10170	0.00236
ERR1582090	2	132	0.01515	11	10186	0.00108
ERR1582095	1	162	0.00617	21	10162	0.00207
ERR1582110	1	124	0.00806	7	10180	0.00069
ERR1582111	2	115	0.01739	5	10164	0.00049
ERR1582120	0	141	0.0	0	10185	0.0
ERR1582133	1	142	0.00704	4	10097	0.0004
ERR1582144	1	143	0.00699	9	10030	0.0009
ERR1582145	1	165	0.00606	13	10056	0.00129
ERR1582146	0	111	0.0	0	10192	0.0
ERR1582155	2	154	0.01299	9	10109	0.00089
ERR1582176	0	113	0.0	0	10063	0.0
ERR1582226	0	172	0.0	0	10118	0.0
ERR1582252	2	151	0.01325	18	9977	0.0018
ERR1582282	0	155	0.0	0	10018	0.0
ERR1582287	0	157	0.0	0	9990	0.0
ERR1582302	0	155	0.0	0	10086	0.0
ERR1582308	2	189	0.01058	23	10124	0.00227
ERR1582327	0	169	0.0	0	10145	0.0
ERR1582393	1	213	0.00469	4	10159	0.00039
ERR1582416	3	202	0.01485	48	10174	0.00472
ERR1582418	1	208	0.00481	90	10180	0.00884
ERR1582420	2	256	0.00781	17	10157	0.00167
ERR1582422	1	266	0.00376	7	10057	0.0007
ERR1582431	1	248	0.00403	10	10191	0.00098
ERR1582436	2	245	0.00816	22	10140	0.00217
ERR1582441	1	253	0.00395	5	10171	0.00049
ERR1582451	1	207	0.00483	18	10058	0.00179
ERR1582457	2	231	0.00866	16	10107	0.00158
ERR1582459	3	223	0.01345	44	10192	0.00432
ERR1582462	1	307	0.00326	3	10138	0.0003
ERR1582465	2	196	0.0102	68	10157	0.00669
ERR1582469	1	238	0.0042	14	10037	0.00139
ERR1582470	1	270	0.0037	13	10139	0.00128
ERR1582481	0	267	0.0	0	10103	0.0
ERR1582482	2	276	0.00725	10	10152	0.00099
ERR1582491	0	243	0.0	0	10157	0.0
ERR1582494	2	218	0.00917	23	10167	0.00226
ERR1582496	2	237	0.00844	24	10175	0.00236
ERR1582535	1	278	0.0036	12	10142	0.00118
ERR1582604	0	127	0.0	0	10039	0.0
ERR1582618	0	168	0.0	0	10132	0.0
ERR1582619	0	181	0.0	0	9996	0.0
ERR1582620	1	184	0.00543	12	9986	0.0012
ERR1582627	1	141	0.00709	24	10102	0.00238
ERR1582631	0	191	0.0	0	10101	0.0
ERR1582644	1	117	0.00855	5	10071	0.0005
ERR1582662	0	162	0.0	0	10016	0.0
ERR1582681	0	167	0.0	0	10058	0.0
ERR1582705	1	182	0.00549	56	10079	0.00556
ERR1582723	0	115	0.0	0	10140	0.0
ERR1582725	1	167	0.00599	44	10146	0.00434
ERR1582734	0	124	0.0	0	10154	0.0
ERR1582747	0	181	0.0	0	10153	0.0
ERR1582752	1	148	0.00676	3	10149	0.0003
ERR1582795	0	112	0.0	0	10092	0.0
ERR1582812	1	164	0.0061	158	10095	0.01565
ERR1582841	1	157	0.00637	7	10134	0.00069
ERR1582873	0	181	0.0	0	10111	0.0
ERR1582896	0	272	0.0	0	10138	0.0
ERR1582898	0	150	0.0	0	10156	0.0
ERR1582902	0	235	0.0	0	10140	0.0
ERR1582916	1	233	0.00429	6	10099	0.00059
ERR1582923	0	148	0.0	0	10129	0.0
ERR1582935	1	172	0.00581	11	10160	0.00108
ERR1582938	0	181	0.0	0	10113	0.0
ERR1582957	1	199	0.00503	3	10119	0.0003
ERR1582966	2	192	0.01042	33	10138	0.00326
ERR1582983	0	152	0.0	0	10103	0.0
ERR1582996	1	203	0.00493	10	10081	0.00099
ERR1583011	2	198	0.0101	18	10060	0.00179
ERR1589263	2	455	0.0044	42	9825	0.00427
ERR1589266	6	416	0.01442	86	10146	0.00848
ERR1589267	0	407	0.0	0	9961	0.0
ERR1589269	2	426	0.00469	22	9593	0.00229
ERR1589279	2	451	0.00443	19	10164	0.00187
ERR1589294	3	453	0.00662	18	10076	0.00179
ERR1589297	1	489	0.00204	20	10078	0.00198
ERR1589299	3	482	0.00622	55	9697	0.00567
ERR1589308	2	337	0.00593	36	9829	0.00366
ERR1589312	6	302	0.01987	71	10034	0.00708
ERR1589314	3	366	0.0082	40	10011	0.004
ERR1589316	2	360	0.00556	63	9580	0.00658
ERR1589322	1	364	0.00275	15	9939	0.00151
ERR1589325	6	284	0.02113	79	10154	0.00778
ERR1589335	5	255	0.01961	75	10106	0.00742
ERR1589342	1	197	0.00508	14	9302	0.00151
ERR1589344	3	364	0.00824	52	8891	0.00585
ERR1589746	1	509	0.00196	10	10175	0.00098
ERR1589750	0	526	0.0	0	10162	0.0
ERR1589765	1	487	0.00205	11	10161	0.00108
ERR1589780	2	526	0.0038	6	10201	0.00059
ERR1589781	0	580	0.0	0	10196	0.0
ERR1589784	2	476	0.0042	10	10182	0.00098
ERR1589797	0	390	0.0	0	10181	0.0
ERR1589809	1	488	0.00205	4	10174	0.00039
ERR1589816	0	312	0.0	0	10195	0.0
ERR1589823	0	345	0.0	0	10153	0.0
ERR1589826	0	394	0.0	0	10168	0.0
ERR1589840	0	322	0.0	0	10195	0.0
ERR1589851	0	286	0.0	0	10196	0.0
ERR1589852	2	509	0.00393	24	10167	0.00236
ERR1589915	0	156	0.0	0	10193	0.0
ERR1589920	0	269	0.0	0	10211	0.0
ERR1590022	0	190	0.0	0	10178	0.0
ERR1590023	0	238	0.0	0	10175	0.0
ERR1590026	10	244	0.04098	86	10170	0.00846
ERR1590027	10	245	0.04082	83	10121	0.0082
ERR1590029	7	228	0.0307	72	10105	0.00713
ERR1590030	0	216	0.0	0	10181	0.0
ERR1590031	2	165	0.01212	11	10169	0.00108
ERR1590032	2	168	0.0119	14	10167	0.00138
ERR1590039	1	399	0.00251	3	10162	0.0003
ERR1590041	1	450	0.00222	10	10144	0.00099
ERR1591091	2	740	0.0027	19	10033	0.00189
ERR1591093	4	721	0.00555	34	10049	0.00338
ERR1591094	5	691	0.00724	36	10031	0.00359
ERR1591095	1	665	0.0015	10	10082	0.00099
ERR1591102	4	638	0.00627	30	9997	0.003
ERR1591104	2	573	0.00349	11	9780	0.00112
ERR1591107	5	745	0.00671	30	10053	0.00298
ERR1591115	2	664	0.00301	9	10005	0.0009
ERR1591118	2	679	0.00295	14	10079	0.00139
ERR1591121	4	717	0.00558	19	10060	0.00189
ERR1591122	2	688	0.00291	14	10070	0.00139
ERR1591124	2	721	0.00277	17	9988	0.0017
ERR1591148	1	712	0.0014	8	10073	0.00079
ERR1591155	1	787	0.00127	15	10082	0.00149
ERR1591159	2	728	0.00275	20	10041	0.00199
ERR1591161	3	697	0.0043	16	10034	0.00159
ERR1591169	4	723	0.00553	24	9906	0.00242
ERR1591172	1	755	0.00132	9	10052	0.0009
ERR1591177	1	733	0.00136	6	10029	0.0006
ERR1591178	1	737	0.00136	5	10056	0.0005
ERR1591194	2	673	0.00297	8	10028	0.0008
ERR1591200	3	706	0.00425	24	10057	0.00239
ERR1591203	2	719	0.00278	12	10079	0.00119
ERR1591210	0	687	0.0	0	10035	0.0
ERR1591211	2	695	0.00288	17	10059	0.00169
ERR1591218	2	771	0.00259	18	10018	0.0018
ERR1591223	0	707	0.0	0	9995	0.0
ERR1591225	1	690	0.00145	9	10037	0.0009
ERR1591226	1	723	0.00138	11	10004	0.0011
ERR1591228	1	712	0.0014	10	10046	0.001
ERR1591231	2	659	0.00303	12	10057	0.00119
ERR1591239	2	722	0.00277	16	10015	0.0016
ERR1591245	1	713	0.0014	11	10009	0.0011
ERR1591248	4	688	0.00581	25	9988	0.0025
ERR1591260	2	754	0.00265	14	10033	0.0014
ERR1591264	2	695	0.00288	12	9994	0.0012
ERR1591267	1	729	0.00137	5	10052	0.0005
ERR1591289	2	732	0.00273	15	10050	0.00149
ERR1591293	2	759	0.00264	10	9982	0.001
ERR1591298	2	682	0.00293	13	10089	0.00129
ERR1591301	2	699	0.00286	12	10065	0.00119
ERR1591308	1	731	0.00137	10	10037	0.001
ERR1591311	2	734	0.00272	16	10053	0.00159
ERR1591312	2	680	0.00294	15	9971	0.0015
ERR1591319	3	734	0.00409	19	10052	0.00189
ERR1591333	0	715	0.0	0	10061	0.0
ERR1591338	1	701	0.00143	14	10035	0.0014
ERR1591339	2	695	0.00288	10	10049	0.001
ERR1591344	1	734	0.00136	11	10037	0.0011
ERR1591346	4	649	0.00616	32	10042	0.00319
ERR1591347	1	749	0.00134	11	10024	0.0011
ERR1591350	3	740	0.00405	15	10054	0.00149
ERR1591357	1	711	0.00141	3	10107	0.0003
ERR1591365	1	715	0.0014	6	10030	0.0006
ERR1591373	4	710	0.00563	24	10001	0.0024
ERR1591381	2	756	0.00265	20	10044	0.00199
ERR1591385	2	769	0.0026	15	10029	0.0015
ERR1591391	1	720	0.00139	12	10042	0.00119
ERR1591396	3	722	0.00416	16	10033	0.00159
ERR1591397	4	748	0.00535	34	10034	0.00339
ERR1591403	0	696	0.0	0	10045	0.0
ERR1591408	3	736	0.00408	16	10035	0.00159
ERR1591416	1	251	0.00398	11	10132	0.00109
ERR1591423	1	589	0.0017	23	10049	0.00229
ERR1591427	2	541	0.0037	14	10072	0.00139
ERR1591433	3	713	0.00421	25	10131	0.00247
ERR1591438	2	509	0.00393	27	9919	0.00272
ERR1591441	3	538	0.00558	19	10016	0.0019
ERR1591444	3	611	0.00491	34	10080	0.00337
ERR1591447	2	507	0.00394	22	10061	0.00219
ERR1591459	2	605	0.00331	22	9868	0.00223
ERR1591485	1	644	0.00155	9	10035	0.0009
ERR1591490	1	715	0.0014	5	10043	0.0005
ERR1591493	1	709	0.00141	8	10037	0.0008
ERR1591494	2	671	0.00298	12	10053	0.00119
ERR1591497	2	596	0.00336	17	10068	0.00169
ERR1591501	0	631	0.0	0	10006	0.0
ERR1591508	2	654	0.00306	13	10056	0.00129
ERR1591514	3	670	0.00448	31	10040	0.00309
ERR1591515	2	644	0.00311	19	10030	0.00189
ERR1591518	2	681	0.00294	14	10034	0.0014
ERR1591521	0	722	0.0	0	10062	0.0
ERR1591524	2	708	0.00282	13	10063	0.00129
ERR1591526	2	602	0.00332	18	10006	0.0018
ERR1591529	1	679	0.00147	13	10023	0.0013
ERR1591531	1	700	0.00143	10	10026	0.001
ERR1591541	2	721	0.00277	10	10013	0.001
ERR1591548	1	683	0.00146	9	10015	0.0009
ERR1591551	3	660	0.00455	22	10033	0.00219
ERR1591557	0	675	0.0	0	10060	0.0
ERR1591562	0	692	0.0	0	10029	0.0
ERR1591563	2	517	0.00387	10	10067	0.00099
ERR1591564	3	651	0.00461	21	10057	0.00209
ERR1591569	1	732	0.00137	3	9996	0.0003
ERR1591571	0	624	0.0	0	10034	0.0
ERR1591576	1	684	0.00146	6	10076	0.0006
ERR1591577	0	631	0.0	0	10054	0.0
ERR1591583	1	645	0.00155	10	10027	0.001
ERR1591584	1	702	0.00142	4	10094	0.0004
ERR1591587	2	734	0.00272	9	10048	0.0009
ERR1591590	0	576	0.0	0	10033	0.0
ERR1591591	1	609	0.00164	7	10055	0.0007
ERR1591595	0	539	0.0	0	10081	0.0
ERR1591597	2	595	0.00336	11	10078	0.00109
ERR1591599	2	536	0.00373	5	10060	0.0005
ERR1591603	0	622	0.0	0	10044	0.0
ERR1591604	1	689	0.00145	7	10036	0.0007
ERR1591606	0	672	0.0	0	10006	0.0
ERR1591607	0	644	0.0	0	10054	0.0
ERR1591611	1	696	0.00144	8	10067	0.00079
ERR1591612	1	699	0.00143	6	10040	0.0006
ERR1591614	1	718	0.00139	3	10032	0.0003
ERR1591618	1	677	0.00148	3	10049	0.0003
ERR1591621	0	704	0.0	0	10049	0.0
ERR1591624	2	694	0.00288	16	10004	0.0016
ERR1591628	1	721	0.00139	18	10007	0.0018
ERR1591633	2	648	0.00309	9	10057	0.00089
ERR1591639	2	674	0.00297	10	10022	0.001
ERR1591643	1	691	0.00145	4	9967	0.0004
ERR1591645	2	706	0.00283	12	10028	0.0012
ERR1591646	0	634	0.0	0	10018	0.0
ERR1591650	1	641	0.00156	7	10038	0.0007
ERR1591662	1	696	0.00144	4	10038	0.0004
ERR1591664	1	688	0.00145	11	9997	0.0011
ERR1591669	1	709	0.00141	9	10009	0.0009
ERR1591671	0	725	0.0	0	10013	0.0
ERR1591672	1	681	0.00147	4	10000	0.0004
ERR1591674	1	666	0.0015	7	9963	0.0007
ERR1591675	1	725	0.00138	8	10009	0.0008
ERR1591679	0	675	0.0	0	10050	0.0
ERR1591680	1	723	0.00138	3	10070	0.0003
ERR1591687	0	366	0.0	0	10078	0.0
ERR1591688	1	697	0.00143	7	10034	0.0007
ERR1591692	0	705	0.0	0	10039	0.0
ERR1591704	1	722	0.00139	6	10026	0.0006
ERR1591712	3	753	0.00398	19	10034	0.00189
ERR1591715	1	745	0.00134	9	10032	0.0009
ERR1591718	1	729	0.00137	2	10048	0.0002
ERR1591721	1	746	0.00134	4	10028	0.0004
ERR1591722	1	659	0.00152	15	10015	0.0015
ERR1591723	1	756	0.00132	7	9884	0.00071
ERR1593300	11	836	0.01316	78	9972	0.00782
ERR1593317	8	778	0.01028	79	9962	0.00793
ERR1593321	8	861	0.00929	74	9965	0.00743
ERR1593324	8	797	0.01004	50	9947	0.00503
ERR1593329	4	803	0.00498	40	9936	0.00403
ERR1593332	4	829	0.00483	39	9952	0.00392
ERR1593334	10	796	0.01256	83	9920	0.00837
ERR1593342	8	791	0.01011	46	9919	0.00464
ERR1593351	6	801	0.00749	43	9908	0.00434
ERR1593356	4	697	0.00574	35	9973	0.00351
ERR1593361	9	758	0.01187	76	9879	0.00769
ERR1593370	7	710	0.00986	52	9953	0.00522
ERR1593392	10	847	0.01181	70	9866	0.0071
ERR1593402	16	967	0.01655	90	9948	0.00905
ERR1593406	8	861	0.00929	48	9896	0.00485
ERR1593408	7	810	0.00864	69	9931	0.00695
ERR1593410	10	835	0.01198	69	9998	0.0069
ERR1593412	11	852	0.01291	73	9976	0.00732
ERR1593419	13	1014	0.01282	90	9988	0.00901
ERR1593420	6	820	0.00732	30	9942	0.00302
ERR1593430	3	689	0.00435	20	9793	0.00204
ERR1593432	3	717	0.00418	33	9742	0.00339
ERR1593438	3	723	0.00415	23	9891	0.00233
ERR1593440	1	740	0.00135	13	9945	0.00131
ERR1593442	1	710	0.00141	6	9891	0.00061
ERR1593444	2	569	0.00351	21	9969	0.00211
ERR1593445	1	724	0.00138	12	9891	0.00121
ERR1593450	1	504	0.00198	6	10173	0.00059
ERR1593451	0	507	0.0	0	10170	0.0
ERR1593456	3	432	0.00694	20	10184	0.00196
ERR1593461	3	492	0.0061	32	10180	0.00314
ERR1593463	3	488	0.00615	27	10172	0.00265
ERR1593464	2	434	0.00461	20	10175	0.00197
ERR1593469	2	507	0.00394	11	10184	0.00108
ERR1593510	0	430	0.0	0	10131	0.0
ERR1593513	0	302	0.0	0	10156	0.0
ERR1593522	3	367	0.00817	19	10126	0.00188
ERR1593526	4	323	0.01238	23	10139	0.00227
ERR1593530	1	320	0.00313	4	10117	0.0004
ERR1593531	1	266	0.00376	6	10113	0.00059
ERR1593532	0	321	0.0	0	10096	0.0
ERR1593537	2	291	0.00687	9	10145	0.00089
ERR1593556	1	276	0.00362	9	10153	0.00089
ERR1594080	0	331	0.0	0	9950	0.0
ERR1594089	3	433	0.00693	34	9971	0.00341
ERR1594108	0	336	0.0	0	10188	0.0
ERR1594118	0	383	0.0	0	10187	0.0
ERR1594121	0	357	0.0	0	10191	0.0
ERR1594125	0	359	0.0	0	10193	0.0
ERR1594129	0	245	0.0	0	9805	0.0
ERR1594135	1	239	0.00418	11	9701	0.00113
ERR1594144	0	265	0.0	0	9790	0.0
ERR1594150	1	252	0.00397	21	9789	0.00215
ERR1594162	1	379	0.00264	12	9856	0.00122
ERR1594164	0	246	0.0	0	9697	0.0
ERR1594167	1	254	0.00394	25	9848	0.00254
ERR1594175	0	260	0.0	0	9757	0.0
ERR1594179	1	260	0.00385	25	9764	0.00256
ERR1594181	0	276	0.0	0	9775	0.0
ERR1594186	0	266	0.0	0	9762	0.0
ERR1594201	1	258	0.00388	22	9846	0.00223
ERR1594208	1	291	0.00344	20	9741	0.00205
ERR1594214	0	236	0.0	0	9687	0.0
ERR1594221	0	277	0.0	0	9784	0.0
ERR1594229	0	243	0.0	0	9737	0.0
ERR1594236	0	321	0.0	0	9802	0.0
ERR1594239	0	246	0.0	0	9744	0.0
ERR1594242	1	323	0.0031	7	9841	0.00071
ERR1594244	0	287	0.0	0	9764	0.0
ERR1594247	0	281	0.0	0	9765	0.0
ERR1594260	2	329	0.00608	13	9860	0.00132
ERR1594276	1	281	0.00356	6	9722	0.00062
ERR1594277	0	269	0.0	0	9772	0.0
ERR1594278	0	243	0.0	0	9817	0.0
ERR1594282	0	254	0.0	0	9716	0.0
ERR1594287	0	291	0.0	0	9740	0.0
ERR1594294	0	281	0.0	0	9771	0.0
ERR1594296	0	383	0.0	0	9943	0.0
ERR1594299	0	266	0.0	0	9758	0.0
ERR1594300	0	258	0.0	0	9681	0.0
ERR1594310	1	325	0.00308	7	10219	0.00068
ERR1594313	0	295	0.0	0	10165	0.0
ERR1594316	2	357	0.0056	24	10206	0.00235
ERR1653409	2	277	0.00722	52	9828	0.00529
ERR1653411	1	249	0.00402	34	9900	0.00343
ERR1653412	1	261	0.00383	46	9899	0.00465
ERR1653414	1	219	0.00457	25	9906	0.00252
ERR1653415	2	303	0.0066	41	9916	0.00413
ERR1653416	2	266	0.00752	38	9769	0.00389
ERR1653417	0	369	0.0	0	9773	0.0
ERR1653421	0	292	0.0	0	9857	0.0
ERR1653422	0	263	0.0	0	9895	0.0
ERR1653423	2	255	0.00784	29	9760	0.00297
ERR1653425	0	273	0.0	0	9874	0.0
ERR1653426	0	262	0.0	0	9966	0.0
ERR1653427	1	274	0.00365	31	9866	0.00314
ERR1653428	1	304	0.00329	16	9921	0.00161
ERR1653432	1	285	0.00351	34	9820	0.00346
ERR1653433	1	266	0.00376	11	9882	0.00111
ERR1653434	0	281	0.0	0	9861	0.0
ERR1653435	0	278	0.0	0	9958	0.0
ERR1653436	1	278	0.0036	14	9881	0.00142
ERR1653438	1	234	0.00427	9	9890	0.00091
ERR1653439	0	259	0.0	0	9995	0.0
ERR1653440	2	297	0.00673	61	9760	0.00625
ERR1653441	1	272	0.00368	16	10005	0.0016
ERR1653442	1	290	0.00345	21	9864	0.00213
ERR1653444	1	248	0.00403	17	9859	0.00172
ERR1653445	0	241	0.0	0	9840	0.0
ERR1653446	3	274	0.01095	37	10003	0.0037
ERR1653447	0	320	0.0	0	9844	0.0
ERR1653449	2	262	0.00763	32	9932	0.00322
ERR1653450	0	247	0.0	0	9935	0.0
ERR1653452	0	260	0.0	0	9864	0.0
ERR1653453	2	228	0.00877	31	9932	0.00312
ERR1653454	0	243	0.0	0	9939	0.0
ERR1653456	3	273	0.01099	71	9973	0.00712
ERR1653460	0	209	0.0	0	9970	0.0
ERR1653461	2	318	0.00629	54	9951	0.00543
ERR1653462	1	237	0.00422	34	9923	0.00343
ERR1653464	3	255	0.01176	36	9881	0.00364
ERR1653465	1	247	0.00405	29	9999	0.0029
ERR1653466	1	243	0.00412	44	10000	0.0044
ERR1653468	3	265	0.01132	57	9870	0.00578
ERR1653469	0	239	0.0	0	10092	0.0
ERR1653471	2	252	0.00794	31	9936	0.00312
ERR1653473	0	257	0.0	0	10003	0.0
ERR1653474	1	314	0.00318	13	9954	0.00131
ERR1653475	1	246	0.00407	29	9835	0.00295
ERR1653476	3	239	0.01255	42	9861	0.00426
ERR1653477	0	290	0.0	0	9839	0.0
ERR1653479	2	294	0.0068	31	10045	0.00309
ERR1653480	1	289	0.00346	26	10005	0.0026
ERR1653481	3	251	0.01195	41	9838	0.00417
ERR1653484	1	280	0.00357	20	9933	0.00201
ERR1653487	3	306	0.0098	38	10050	0.00378
ERR1653488	2	253	0.00791	36	10013	0.0036
ERR1653489	0	275	0.0	0	9959	0.0
ERR1653490	0	320	0.0	0	9967	0.0
ERR1653491	0	296	0.0	0	9954	0.0
ERR1653493	0	286	0.0	0	9988	0.0
ERR1653495	2	297	0.00673	14	9993	0.0014
ERR1653499	1	274	0.00365	16	9931	0.00161
ERR1653503	2	275	0.00727	17	9916	0.00171
ERR1653504	1	251	0.00398	31	9999	0.0031
ERR1653506	1	265	0.00377	27	9912	0.00272
ERR1653507	0	283	0.0	0	9847	0.0
ERR1653508	1	287	0.00348	34	9949	0.00342
ERR1653509	2	228	0.00877	28	9938	0.00282
ERR1653510	3	250	0.012	45	9955	0.00452
ERR1653512	4	257	0.01556	66	9802	0.00673
ERR1653545	2	289	0.00692	22	10012	0.0022
ERR1653546	0	283	0.0	0	9777	0.0
ERR1653550	2	275	0.00727	55	9940	0.00553
ERR1653552	1	258	0.00388	50	10002	0.005
ERR1653554	4	254	0.01575	95	10001	0.0095
ERR1653559	0	281	0.0	0	9908	0.0
ERR1653565	2	309	0.00647	29	9899	0.00293
ERR1653566	0	281	0.0	0	9922	0.0
ERR1653570	1	311	0.00322	14	9870	0.00142
ERR1653571	0	304	0.0	0	9970	0.0
ERR1653580	2	265	0.00755	32	9950	0.00322
ERR1653583	1	318	0.00314	20	9914	0.00202
ERR1653590	0	256	0.0	0	9927	0.0
ERR1653591	2	266	0.00752	46	9810	0.00469
ERR1653592	1	247	0.00405	25	9973	0.00251
ERR1653594	1	306	0.00327	28	9771	0.00287
ERR1653595	0	308	0.0	0	10079	0.0
ERR1653597	0	316	0.0	0	9880	0.0
ERR1653599	3	287	0.01045	64	10017	0.00639
ERR1653601	3	262	0.01145	72	10016	0.00719
ERR1653602	0	276	0.0	0	9958	0.0
ERR1653603	1	238	0.0042	21	9786	0.00215
ERR1653604	1	294	0.0034	30	10036	0.00299
ERR1653606	0	258	0.0	0	9909	0.0
ERR1653611	1	265	0.00377	15	10010	0.0015
ERR1653615	4	289	0.01384	85	9938	0.00855
ERR1653616	2	338	0.00592	18	10110	0.00178
ERR1653621	0	295	0.0	0	9941	0.0
ERR1653622	0	306	0.0	0	9791	0.0
ERR1653623	1	276	0.00362	24	9886	0.00243
ERR1653624	0	242	0.0	0	9980	0.0
ERR1653625	4	263	0.01521	62	9917	0.00625
ERR1653626	5	363	0.01377	74	9734	0.0076
ERR1653627	4	289	0.01384	92	9976	0.00922
ERR1653628	4	293	0.01365	82	10013	0.00819
ERR1653631	0	329	0.0	0	9861	0.0
ERR1653634	1	281	0.00356	39	9864	0.00395
ERR1653635	1	295	0.00339	35	9897	0.00354
ERR1653636	0	260	0.0	0	9936	0.0
ERR1653637	1	342	0.00292	8	10031	0.0008
ERR1653638	0	285	0.0	0	9938	0.0
ERR1653640	2	292	0.00685	51	9774	0.00522
ERR1653641	1	320	0.00313	18	9932	0.00181
ERR1653642	1	296	0.00338	49	9889	0.00496
ERR1653643	3	283	0.0106	48	9952	0.00482
ERR1653644	3	306	0.0098	87	9740	0.00893
ERR1653645	1	300	0.00333	26	9995	0.0026
ERR1653646	1	287	0.00348	16	10076	0.00159
ERR1653647	2	295	0.00678	59	9969	0.00592
ERR1653648	2	250	0.008	50	9984	0.00501
ERR1653649	0	288	0.0	0	9935	0.0
ERR1653650	2	247	0.0081	50	10048	0.00498
ERR1653653	1	337	0.00297	7	9811	0.00071
ERR1653656	0	317	0.0	0	9871	0.0
ERR1653657	0	271	0.0	0	10019	0.0
ERR1653658	2	259	0.00772	47	10006	0.0047
ERR1653664	2	278	0.00719	43	10024	0.00429
ERR1653665	1	281	0.00356	46	9745	0.00472
ERR1653666	0	261	0.0	0	10032	0.0
ERR1653667	1	277	0.00361	15	10017	0.0015
ERR1653668	1	280	0.00357	27	9778	0.00276
ERR1653669	3	259	0.01158	70	9956	0.00703
ERR1653670	2	258	0.00775	47	10054	0.00467
ERR1653671	1	279	0.00358	65	9978	0.00651
ERR1653675	0	242	0.0	0	9828	0.0
ERR1653677	3	231	0.01299	55	10003	0.0055
ERR1742287	0	431	0.0	0	10177	0.0
ERR1742294	4	479	0.00835	17	10192	0.00167
ERR1742300	0	165	0.0	0	10165	0.0
ERR1742322	2	177	0.0113	57	10198	0.00559
ERR1742326	2	166	0.01205	49	10186	0.00481
ERR1742350	3	166	0.01807	57	10176	0.0056
ERR1742396	2	196	0.0102	37	10194	0.00363
ERR1742398	0	367	0.0	0	10158	0.0
ERR1753782	0	187	0.0	0	10209	0.0
ERR1753818	2	97	0.02062	32	10225	0.00313
ERR1753833	0	173	0.0	0	10202	0.0
ERR1753857	7	215	0.03256	184	10106	0.01821
ERR1753921	1	201	0.00498	11	10128	0.00109
ERR1753922	3	211	0.01422	62	10077	0.00615
ERR1759870	0	343	0.0	0	10214	0.0
ERR1801481	0	182	0.0	0	9926	0.0
ERR1801482	1	146	0.00685	19	9997	0.0019
ERR1801483	0	131	0.0	0	9799	0.0
ERR1801484	0	127	0.0	0	9882	0.0
ERR1801485	0	113	0.0	0	9817	0.0
ERR1801486	2	209	0.00957	48	9982	0.00481
ERR1801488	0	104	0.0	0	10076	0.0
ERR1801490	0	172	0.0	0	9974	0.0
ERR1801491	0	101	0.0	0	10059	0.0
ERR1801493	3	160	0.01875	21	10013	0.0021
ERR1801494	0	116	0.0	0	9964	0.0
ERR1801495	1	104	0.00962	29	10170	0.00285
ERR1801496	1	87	0.01149	24	9973	0.00241
ERR1801497	4	149	0.02685	82	10049	0.00816
ERR1801498	1	99	0.0101	61	10047	0.00607
ERR1801499	2	151	0.01325	58	10027	0.00578
ERR1801500	5	250	0.02	118	10022	0.01177
ERR1801501	0	136	0.0	0	10004	0.0
ERR1801502	3	171	0.01754	103	9914	0.01039
ERR1801504	0	207	0.0	0	9971	0.0
ERR1801505	1	132	0.00758	58	9916	0.00585
ERR1801506	1	124	0.00806	42	9981	0.00421
ERR1801507	0	85	0.0	0	9744	0.0
ERR1801508	0	104	0.0	0	9858	0.0
ERR1801509	1	170	0.00588	76	9885	0.00769
ERR1801511	0	118	0.0	0	9910	0.0
ERR1801516	2	156	0.01282	42	10033	0.00419
ERR1801518	1	167	0.00599	42	9795	0.00429
ERR1801521	0	180	0.0	0	10023	0.0
ERR1801531	1	179	0.00559	11	10103	0.00109
ERR1801536	1	178	0.00562	18	9878	0.00182
ERR1844383	2	488	0.0041	21	9988	0.0021
ERR1844401	1	478	0.00209	6	9986	0.0006
ERR1844408	1	383	0.00261	3	10051	0.0003
ERR1844410	1	374	0.00267	15	9946	0.00151
ERR1844418	0	365	0.0	0	9999	0.0
ERR1844421	3	352	0.00852	20	10011	0.002
ERR1844432	0	603	0.0	0	9888	0.0
ERR1844434	2	720	0.00278	27	9784	0.00276
ERR1844438	0	342	0.0	0	9992	0.0
ERR1844451	12	830	0.01446	67	9983	0.00671
ERR1844453	3	801	0.00375	20	9931	0.00201
ERR1844454	3	722	0.00416	15	9975	0.0015
ERR1844457	2	601	0.00333	21	9767	0.00215
ERR1844462	2	575	0.00348	8	9945	0.0008
ERR1844467	4	600	0.00667	35	9910	0.00353
ERR1844479	4	595	0.00672	38	9840	0.00386
ERR1844483	1	603	0.00166	10	9948	0.00101
ERR1844490	2	602	0.00332	27	9931	0.00272
ERR1844491	2	616	0.00325	9	9934	0.00091
ERR1844497	2	606	0.0033	17	9971	0.0017
ERR1844498	7	600	0.01167	66	9819	0.00672
ERR1844503	3	555	0.00541	27	9901	0.00273
ERR1844702	2	579	0.00345	19	9871	0.00192
ERR1844703	3	602	0.00498	30	9925	0.00302
ERR1844709	3	641	0.00468	22	9971	0.00221
ERR1844711	2	652	0.00307	5	9878	0.00051
ERR1844712	4	637	0.00628	17	9806	0.00173
ERR1844714	0	600	0.0	0	9923	0.0
ERR1844720	2	670	0.00299	9	9926	0.00091
ERR1844722	2	621	0.00322	12	9926	0.00121
ERR1844723	3	593	0.00506	12	9884	0.00121
ERR1844726	1	470	0.00213	12	9967	0.0012
ERR1844727	2	572	0.0035	18	9957	0.00181
ERR1844731	4	757	0.00528	23	9937	0.00231
ERR1844733	2	436	0.00459	16	9948	0.00161
ERR1844735	1	567	0.00176	2	9967	0.0002
ERR1844964	6	650	0.00923	20	10060	0.00199
ERR1844967	1	701	0.00143	6	10082	0.0006
ERR1844983	0	436	0.0	0	9930	0.0
ERR1844987	2	574	0.00348	11	9975	0.0011
ERR1844993	5	796	0.00628	24	9993	0.0024
ERR1845002	2	555	0.0036	8	9991	0.0008
ERR1864800	2	324	0.00617	28	10196	0.00275
ERR1864803	11	295	0.03729	131	10198	0.01285
ERR1896637	1	299	0.00334	19	10178	0.00187
ERR1896641	6	315	0.01905	112	10193	0.01099
ERR1896643	2	171	0.0117	55	10186	0.0054
ERR1896659	1	179	0.00559	18	10206	0.00176
ERR1896665	1	239	0.00418	7	10189	0.00069
ERR1896670	1	206	0.00485	4	10201	0.00039
ERR1896688	7	276	0.02536	106	10227	0.01036
ERR1896691	1	287	0.00348	23	10185	0.00226
ERR1896696	5	261	0.01916	72	10204	0.00706
ERR1896715	2	373	0.00536	19	10173	0.00187
ERR1896746	0	321	0.0	0	10188	0.0
ERR1896748	0	229	0.0	0	10222	0.0
ERR1896764	0	297	0.0	0	10205	0.0
ERR1896774	0	339	0.0	0	10205	0.0
ERR1896788	0	251	0.0	0	10155	0.0
ERR1896811	0	257	0.0	0	10200	0.0
ERR1896849	0	203	0.0	0	10196	0.0
ERR1896859	0	173	0.0	0	10154	0.0
ERR1896871	1	171	0.00585	12	10176	0.00118
ERR1896872	8	198	0.0404	122	10181	0.01198
ERR1896875	0	332	0.0	0	10207	0.0
ERR1896876	0	187	0.0	0	10106	0.0
ERR1896883	3	240	0.0125	19	10186	0.00187
ERR1896885	2	181	0.01105	22	10160	0.00217
ERR1896891	6	239	0.0251	89	10090	0.00882
ERR1896911	0	320	0.0	0	10205	0.0
ERR1896914	1	159	0.00629	2	10201	0.0002
ERR1896918	5	248	0.02016	82	10128	0.0081
ERR1896926	3	215	0.01395	50	10165	0.00492
ERR1896944	1	150	0.00667	6	10186	0.00059
ERR1896950	6	268	0.02239	124	10112	0.01226
ERR1896956	3	189	0.01587	34	10138	0.00335
ERR1896981	1	198	0.00505	16	10143	0.00158
ERR1896982	3	255	0.01176	71	10140	0.007
ERR1896987	3	178	0.01685	19	10183	0.00187
ERR1896991	3	225	0.01333	38	10054	0.00378
ERR1897028	1	158	0.00633	8	10167	0.00079
ERR1897031	7	328	0.02134	129	10140	0.01272
ERR1897053	2	179	0.01117	35	10216	0.00343
ERR1897056	3	195	0.01538	40	10161	0.00394
ERR1897057	4	252	0.01587	258	10111	0.02552
ERR1897066	1	342	0.00292	14	10132	0.00138
ERR1897077	2	166	0.01205	23	10203	0.00225
ERR1897082	2	175	0.01143	14	10175	0.00138
ERR1897092	3	221	0.01357	23	10158	0.00226
ERR1897105	4	234	0.01709	35	10108	0.00346
ERR1897120	2	169	0.01183	23	10179	0.00226
ERR1897123	1	166	0.00602	9	10200	0.00088
ERR1897125	5	205	0.02439	86	10137	0.00848
ERR1897138	1	154	0.00649	50	10225	0.00489
ERR1897139	6	259	0.02317	48	10116	0.00474
ERR1897145	1	165	0.00606	61	10222	0.00597
ERR1897154	5	207	0.02415	35	10164	0.00344
ERR1897162	2	166	0.01205	275	10213	0.02693
ERR1897171	2	141	0.01418	183	10197	0.01795
ERR1897175	1	181	0.00552	44	10216	0.00431
ERR1897177	1	155	0.00645	64	10194	0.00628
ERR1897182	5	233	0.02146	74	10138	0.0073
ERR1897193	1	160	0.00625	76	10194	0.00746
ERR1897195	3	165	0.01818	50	10218	0.00489
ERR1897203	2	273	0.00733	33	10062	0.00328
ERR1897204	1	146	0.00685	42	10220	0.00411
ERR1897217	7	245	0.02857	230	10107	0.02276
ERR1897220	2	173	0.01156	68	10199	0.00667
ERR1897223	4	228	0.01754	28	10080	0.00278
ERR1897229	4	216	0.01852	35	10173	0.00344
ERR1897256	5	268	0.01866	42	10144	0.00414
ERR1897264	2	216	0.00926	14	10148	0.00138
ERR1897266	9	320	0.02813	83	10133	0.00819
ERR1897283	1	122	0.0082	4	10202	0.00039
ERR1897292	3	276	0.01087	17	10097	0.00168
ERR1897293	4	191	0.02094	143	10210	0.01401
ERR1897300	3	245	0.01224	26	10099	0.00257
ERR1897303	3	230	0.01304	21	10149	0.00207
ERR1897311	1	277	0.00361	9	10126	0.00089
ERR1897333	5	142	0.03521	17	10175	0.00167
ERR1897340	2	195	0.01026	28	10157	0.00276
ERR1897345	3	166	0.01807	43	10186	0.00422
ERR1897348	2	238	0.0084	17	10037	0.00169
ERR1897351	1	237	0.00422	109	10185	0.0107
ERR1897356	6	223	0.02691	49	10129	0.00484
ERR1897362	5	344	0.01453	69	10169	0.00679
ERR1897364	1	149	0.00671	24	10193	0.00235
ERR1897365	5	322	0.01553	81	10085	0.00803
ERR1897367	0	196	0.0	0	10141	0.0
ERR1897390	3	227	0.01322	46	10090	0.00456
ERR1897398	3	203	0.01478	30	10122	0.00296
ERR1897403	1	176	0.00568	40	10174	0.00393
ERR1897411	0	172	0.0	0	10199	0.0
ERR1897419	2	276	0.00725	34	10200	0.00333
ERR1897420	1	226	0.00442	4	10188	0.00039
ERR1897451	1	99	0.0101	39	10168	0.00384
ERR1897464	4	202	0.0198	57	10050	0.00567
ERR1897487	0	170	0.0	0	10028	0.0
ERR1897488	1	99	0.0101	10	10138	0.00099
ERR1897495	2	259	0.00772	22	10063	0.00219
ERR1897503	1	249	0.00402	7	10140	0.00069
ERR1897504	3	186	0.01613	109	10189	0.0107
ERR1897506	1	276	0.00362	5	10164	0.00049
ERR1897512	1	256	0.00391	32	10103	0.00317
ERR1897524	0	123	0.0	0	10117	0.0
ERR1897525	2	104	0.01923	13	10127	0.00128
ERR1897531	0	94	0.0	0	10098	0.0
ERR1897543	0	138	0.0	0	10033	0.0
ERR1897550	0	186	0.0	0	10148	0.0
ERR1897565	2	220	0.00909	19	10135	0.00187
ERR1897572	0	142	0.0	0	10000	0.0
ERR1897584	1	172	0.00581	6	10082	0.0006
ERR1897590	1	244	0.0041	20	10172	0.00197
ERR1897598	1	301	0.00332	4	10113	0.0004
ERR1897600	0	227	0.0	0	10122	0.0
ERR1897608	2	245	0.00816	8	10088	0.00079
ERR1897618	4	171	0.02339	41	10095	0.00406
ERR1897622	1	259	0.00386	15	10144	0.00148
ERR1897627	2	190	0.01053	19	10055	0.00189
ERR1897628	1	135	0.00741	27	10149	0.00266
ERR1897663	3	202	0.01485	69	10156	0.00679
ERR1897664	3	218	0.01376	39	10110	0.00386
ERR1897679	1	252	0.00397	9	10088	0.00089
ERR1897680	1	157	0.00637	89	10182	0.00874
ERR1897692	0	318	0.0	0	10192	0.0
ERR1897697	4	209	0.01914	41	10153	0.00404
ERR1897700	1	233	0.00429	21	10098	0.00208
ERR1897735	0	150	0.0	0	10127	0.0
ERR1897751	2	206	0.00971	23	10110	0.00227
ERR1897766	1	290	0.00345	6	10169	0.00059
ERR1981012	0	141	0.0	0	9978	0.0
ERR1981023	1	104	0.00962	52	10156	0.00512
ERR1981025	1	98	0.0102	32	10151	0.00315
ERR1981027	1	100	0.01	18	10177	0.00177
ERR2012671	2	169	0.01183	14	10200	0.00137
ERR2012704	2	132	0.01515	15	10005	0.0015
ERR2012755	1	213	0.00469	52	10195	0.0051
ERR2012756	2	244	0.0082	35	10174	0.00344
ERR2012850	1	391	0.00256	10	10013	0.001
ERR2012910	1	542	0.00185	10	10016	0.001
ERR2012913	2	443	0.00451	23	10113	0.00227
ERR2012922	3	525	0.00571	19	9979	0.0019
ERR2012925	0	494	0.0	0	10165	0.0
ERR2012969	0	349	0.0	0	9831	0.0
ERR2012970	0	333	0.0	0	9727	0.0
ERR2012972	4	345	0.01159	32	9991	0.0032
ERR2012976	0	515	0.0	0	9797	0.0
ERR2012983	1	580	0.00172	2	9635	0.00021
ERR2012989	0	577	0.0	0	9943	0.0
ERR2012992	0	570	0.0	0	9763	0.0
ERR2012996	1	524	0.00191	3	9989	0.0003
ERR2013009	1	609	0.00164	2	9614	0.00021
ERR2013018	2	510	0.00392	6	9864	0.00061
ERR2013028	1	350	0.00286	4	9320	0.00043
ERR2013047	1	480	0.00208	5	10205	0.00049
ERR2013051	2	599	0.00334	10	10172	0.00098
ERR2013054	0	563	0.0	0	10128	0.0
ERR2013057	0	565	0.0	0	9899	0.0
ERR2013082	0	482	0.0	0	9572	0.0
ERR2013084	0	557	0.0	0	10023	0.0
ERR2013086	1	418	0.00239	10	8494	0.00118
ERR2013089	1	494	0.00202	4	9789	0.00041
ERR2013099	0	440	0.0	0	9951	0.0
ERR2013113	0	540	0.0	0	10173	0.0
ERR2013116	0	502	0.0	0	10122	0.0
ERR2013125	0	488	0.0	0	10181	0.0
ERR2013126	3	574	0.00523	29	10195	0.00284
ERR2013149	8	594	0.01347	50	10159	0.00492
ERR2013218	1	447	0.00224	3	10185	0.00029
ERR2013224	8	551	0.01452	48	10190	0.00471
ERR2013227	2	542	0.00369	15	10197	0.00147
ERR2013385	3	451	0.00665	24	10182	0.00236
ERR2013398	5	488	0.01025	45	10204	0.00441
ERR2241563	0	86	0.0	0	9841	0.0
ERR2241609	0	53	0.0	0	9957	0.0
ERR2604210	3	91	0.03297	335	9981	0.03356
ERR2604214	0	95	0.0	0	9977	0.0
ERR2604222	0	93	0.0	0	10048	0.0
ERR2604230	0	84	0.0	0	9918	0.0
ERR2604234	1	107	0.00935	36	10018	0.00359
ERR2604238	4	91	0.04396	356	9910	0.03592
ERR2604242	3	102	0.02941	224	9816	0.02282
ERR2604244	4	93	0.04301	314	9901	0.03171
ERR2604246	3	83	0.03614	243	9731	0.02497
ERR2604256	1	85	0.01176	180	9955	0.01808
ERR2604260	5	88	0.05682	338	9779	0.03456
ERR2604290	0	75	0.0	0	9856	0.0
ERR2816410	6	288	0.02083	102	9891	0.01031
ERR2816450	1	142	0.00704	17	9985	0.0017
ERR2816539	2	235	0.00851	30	9872	0.00304
ERR2816576	0	149	0.0	0	10020	0.0
ERR2816579	1	144	0.00694	16	9950	0.00161
ERR2816582	3	276	0.01087	68	10006	0.0068
ERR2816603	3	147	0.02041	56	9986	0.00561
ERR2816632	0	97	0.0	0	9940	0.0
ERR2816687	0	42	0.0	0	10108	0.0
ERR2816919	0	64	0.0	0	10030	0.0
ERR2817054	0	79	0.0	0	10040	0.0
ERR2817065	0	116	0.0	0	9971	0.0
ERR844182	1	409	0.00244	2	10170	0.0002
ERR844188	2	360	0.00556	11	10172	0.00108
ERR844191	3	529	0.00567	19	10184	0.00187
ERR844199	2	443	0.00451	11	10129	0.00109
SRR027979	0	290	0.0	0	8631	0.0
SRR027980	2	340	0.00588	47	9315	0.00505
SRR027981	1	298	0.00336	15	8925	0.00168
SRR027985	0	395	0.0	0	9244	0.0
SRR1557179	1	282	0.00355	14	10016	0.0014
SRR1557181	1	322	0.00311	23	9973	0.00231
SRR1559234	0	288	0.0	0	9954	0.0
SRR1559238	0	265	0.0	0	9943	0.0
SRR1559243	0	250	0.0	0	9973	0.0
SRR1559246	0	253	0.0	0	9877	0.0
SRR1559247	2	320	0.00625	27	9967	0.00271
SRR1559254	1	269	0.00372	12	9954	0.00121
SRR1559255	1	309	0.00324	18	9913	0.00182
SRR1559257	1	240	0.00417	3	9961	0.0003
SRR1559260	1	268	0.00373	12	10095	0.00119
SRR1559261	1	258	0.00388	13	9999	0.0013
SRR1824331	8	256	0.03125	60	10074	0.00596
SRR1824333	16	559	0.02862	213	9990	0.02132
SRR1824334	25	361	0.06925	266	10041	0.02649
SRR1824338	15	441	0.03401	154	9967	0.01545
SRR1824339	10	301	0.03322	91	10021	0.00908
SRR1824341	23	451	0.051	233	9993	0.02332
SRR1824343	16	433	0.03695	190	9947	0.0191
SRR1824345	6	241	0.0249	58	10028	0.00578
SRR1824346	13	373	0.03485	98	10040	0.00976
SRR1824347	5	421	0.01188	58	9970	0.00582
SRR1824348	4	212	0.01887	27	10068	0.00268
SRR1824349	16	339	0.0472	132	10004	0.01319
SRR1824354	4	364	0.01099	34	10008	0.0034
SRR1824358	5	323	0.01548	49	10052	0.00487
SRR1824361	14	299	0.04682	124	10085	0.0123
SRR1824363	4	228	0.01754	29	10008	0.0029
SRR1824371	3	290	0.01034	31	9951	0.00312
SRR1824372	0	236	0.0	0	9952	0.0
SRR1824419	10	224	0.04464	149	10025	0.01486
SRR1824422	1	193	0.00518	35	9912	0.00353
SRR1824423	2	197	0.01015	26	9785	0.00266
SRR1824426	8	190	0.04211	82	9939	0.00825
SRR1824431	3	153	0.01961	14	10086	0.00139
SRR1824432	2	158	0.01266	13	10077	0.00129
SRR1824433	6	157	0.03822	43	9876	0.00435
SRR1824434	11	228	0.04825	80	10045	0.00796
SRR1824435	4	154	0.02597	18	9874	0.00182
SRR1824436	3	170	0.01765	63	9865	0.00639
SRR1824437	6	254	0.02362	86	9842	0.00874
SRR1824443	6	253	0.02372	59	10024	0.00589
SRR1952960	8	213	0.03756	107	9958	0.01075
SRR1952967	6	208	0.02885	94	9891	0.0095
SRR1952968	5	212	0.02358	38	9950	0.00382
SRR2006026	0	260	0.0	0	10202	0.0
SRR2006031	0	276	0.0	0	10235	0.0
SRR2006041	1	167	0.00599	7	10226	0.00068
SRR2051573	1	84	0.0119	11	10149	0.00108
SRR2051574	0	94	0.0	0	10133	0.0
SRR2051576	1	75	0.01333	12	10159	0.00118
SRR2051577	0	89	0.0	0	10163	0.0
SRR2061236	0	171	0.0	0	10240	0.0
SRR2061279	0	168	0.0	0	10237	0.0
SRR2061294	0	162	0.0	0	10226	0.0
SRR2061298	0	153	0.0	0	10218	0.0
SRR2061301	0	183	0.0	0	10206	0.0
SRR2098493	0	76	0.0	0	10035	0.0
SRR2098495	2	61	0.03279	143	10128	0.01412
SRR2098500	0	72	0.0	0	10144	0.0
SRR2098513	2	58	0.03448	488	9882	0.04938
SRR2098515	1	52	0.01923	237	10162	0.02332
SRR2098535	0	45	0.0	0	9794	0.0
SRR2130143	1	499	0.002	8	10046	0.0008
SRR2130144	2	323	0.00619	20	10013	0.002
SRR2130153	1	517	0.00193	6	10078	0.0006
SRR2549664	1	194	0.00515	5	10104	0.00049
SRR2549666	1	92	0.01087	11	10109	0.00109
SRR2549674	4	171	0.02339	33	9833	0.00336
SRR2549703	0	271	0.0	0	9853	0.0
SRR2821180	2	111	0.01802	57	10148	0.00562
SRR2821181	2	100	0.02	40	10203	0.00392
SRR2821184	0	105	0.0	0	10168	0.0
SRR2821185	4	114	0.03509	62	10145	0.00611
SRR2821187	2	99	0.0202	67	10151	0.0066
SRR2827635	5	336	0.01488	60	10089	0.00595
SRR2827642	3	344	0.00872	66	10141	0.00651
SRR3068449	2	184	0.01087	9	10244	0.00088
SRR3098327	11	392	0.02806	106	10132	0.01046
SRR3098343	17	407	0.04177	164	10177	0.01611
SRR3741936	0	113	0.0	0	9621	0.0
SRR3741946	0	60	0.0	0	9011	0.0
SRR3742027	0	74	0.0	0	8467	0.0
SRR3742054	0	116	0.0	0	9523	0.0
SRR3742072	0	50	0.0	0	8334	0.0
SRR3742077	0	99	0.0	0	9129	0.0
SRR3835568	2	141	0.01418	38	10217	0.00372
SRR3879438	3	156	0.01923	56	10132	0.00553
SRR4384494	0	97	0.0	0	9394	0.0
SRR4384516	0	100	0.0	0	9447	0.0
SRR4436298	0	162	0.0	0	10049	0.0
SRR4779870	0	109	0.0	0	9935	0.0
SRR4779886	0	103	0.0	0	9603	0.0
SRR4779890	0	112	0.0	0	9815	0.0
SRR4780031	0	95	0.0	0	9037	0.0
SRR4780098	0	99	0.0	0	9595	0.0
SRR4780199	0	84	0.0	0	9936	0.0
SRR4780211	0	100	0.0	0	9064	0.0
SRR5046909	4	155	0.02581	221	10134	0.02181
SRR5046916	2	130	0.01538	62	10137	0.00612
SRR5150126	1	113	0.00885	50	9843	0.00508
SRR5150129	0	108	0.0	0	9718	0.0
SRR5150131	1	114	0.00877	26	9983	0.0026
SRR5150137	4	106	0.03774	223	9806	0.02274
SRR5150140	0	99	0.0	0	9852	0.0
SRR5150143	2	156	0.01282	63	9908	0.00636
SRR5150144	1	111	0.00901	82	10035	0.00817
SRR5150145	0	123	0.0	0	9845	0.0
SRR5150147	0	139	0.0	0	9895	0.0
SRR5150148	0	131	0.0	0	9899	0.0
SRR5150153	0	116	0.0	0	9976	0.0
SRR5150157	0	102	0.0	0	9712	0.0
SRR5150158	5	120	0.04167	163	9928	0.01642
SRR5150159	0	112	0.0	0	9844	0.0
SRR5150166	0	115	0.0	0	9933	0.0
SRR5150171	1	109	0.00917	42	9876	0.00425
SRR5150175	0	101	0.0	0	9670	0.0
SRR5150176	0	122	0.0	0	9926	0.0
SRR5150179	2	131	0.01527	83	9943	0.00835
SRR5150180	0	119	0.0	0	9875	0.0
SRR5150181	0	82	0.0	0	9529	0.0
SRR5150184	0	130	0.0	0	9836	0.0
SRR5150185	1	94	0.01064	42	9973	0.00421
SRR5150193	0	134	0.0	0	9924	0.0
SRR5150196	0	87	0.0	0	9742	0.0
SRR5150207	2	148	0.01351	115	9995	0.01151
SRR5150208	2	115	0.01739	60	9818	0.00611
SRR5150210	0	116	0.0	0	9937	0.0
SRR5150214	0	131	0.0	0	9996	0.0
SRR5150217	0	118	0.0	0	10095	0.0
SRR5150219	0	132	0.0	0	9554	0.0
SRR5150222	6	113	0.0531	372	9834	0.03783
SRR5150229	2	107	0.01869	69	10015	0.00689
SRR5150231	0	84	0.0	0	10146	0.0
SRR5150232	0	85	0.0	0	9689	0.0
SRR5150236	0	117	0.0	0	10141	0.0
SRR5150237	0	102	0.0	0	9668	0.0
SRR5150238	0	151	0.0	0	9829	0.0
SRR5150240	2	129	0.0155	124	9915	0.01251
SRR5150242	0	112	0.0	0	10173	0.0
SRR5150246	4	113	0.0354	240	9836	0.0244
SRR5150248	0	99	0.0	0	9904	0.0
SRR5150249	0	126	0.0	0	9949	0.0
SRR5150251	0	133	0.0	0	9901	0.0
SRR5150253	3	143	0.02098	78	9820	0.00794
SRR5150255	0	133	0.0	0	10016	0.0
SRR5150257	0	80	0.0	0	10136	0.0
SRR5150258	0	154	0.0	0	8908	0.0
SRR5150259	0	121	0.0	0	9868	0.0
SRR5150260	0	116	0.0	0	9803	0.0
SRR5150261	0	88	0.0	0	10150	0.0
SRR5150265	1	126	0.00794	20	10002	0.002
SRR5150267	1	116	0.00862	16	9832	0.00163
SRR5150268	0	136	0.0	0	9963	0.0
SRR5150270	1	114	0.00877	54	9940	0.00543
SRR5155511	0	129	0.0	0	10158	0.0
SRR5155515	0	115	0.0	0	10225	0.0
SRR5155520	0	91	0.0	0	10184	0.0
SRR5155523	1	155	0.00645	78	10212	0.00764
SRR5155537	0	161	0.0	0	10199	0.0
SRR5155540	0	64	0.0	0	10227	0.0
SRR5155543	0	144	0.0	0	10222	0.0
SRR5155555	2	119	0.01681	64	10214	0.00627
SRR5327699	1	126	0.00794	16	9069	0.00176
SRR5570706	1	444	0.00225	12	10159	0.00118
SRR5570707	2	516	0.00388	38	10181	0.00373
SRR5570715	5	420	0.0119	35	10122	0.00346
SRR5570720	5	476	0.0105	65	10124	0.00642
SRR5570725	2	564	0.00355	17	10112	0.00168
SRR5570734	2	417	0.0048	49	10056	0.00487
SRR5570742	4	540	0.00741	42	10118	0.00415
SRR5570749	8	549	0.01457	87	10126	0.00859
SRR5570759	8	650	0.01231	81	10031	0.00807
SRR5570761	13	615	0.02114	131	10156	0.0129
SRR5570762	10	593	0.01686	114	10152	0.01123
SRR5570764	4	565	0.00708	75	10070	0.00745
SRR5570766	5	591	0.00846	61	10108	0.00603
SRR5570779	1	411	0.00243	6	10084	0.0006
SRR5570792	7	427	0.01639	69	10045	0.00687
SRR5570805	8	546	0.01465	58	10186	0.00569
SRR5570806	3	455	0.00659	48	10106	0.00475
SRR5591493	1	144	0.00694	5	10225	0.00049
SRR5591510	1	143	0.00699	12	10219	0.00117
SRR5591516	0	170	0.0	0	10200	0.0
SRR5595792	3	544	0.00551	32	10116	0.00316
SRR5595802	3	518	0.00579	27	10132	0.00266
SRR5595809	2	460	0.00435	56	10123	0.00553
SRR5595875	3	426	0.00704	66	10085	0.00654
SRR5595876	5	396	0.01263	135	10141	0.01331
SRR5595883	4	523	0.00765	25	10143	0.00246
SRR5595925	1	443	0.00226	22	10161	0.00217
SRR5595926	1	470	0.00213	18	10137	0.00178
SRR5595939	4	425	0.00941	91	10108	0.009
SRR5617429	1	104	0.00962	23	10200	0.00225
SRR5617466	0	65	0.0	0	10228	0.0
SRR5617481	1	106	0.00943	80	10153	0.00788
SRR5626054	0	230	0.0	0	10232	0.0
SRR5626057	0	176	0.0	0	10243	0.0
SRR5626059	0	254	0.0	0	10237	0.0
SRR5626060	1	328	0.00305	11	10232	0.00108
SRR5626168	1	303	0.0033	4	10246	0.00039
SRR5626169	0	260	0.0	0	10232	0.0
SRR5626170	0	243	0.0	0	10237	0.0
SRR5626194	0	229	0.0	0	10224	0.0
SRR5626195	0	264	0.0	0	10237	0.0
SRR5626197	0	361	0.0	0	10238	0.0
SRR5626198	0	219	0.0	0	10234	0.0
SRR5626199	0	199	0.0	0	10228	0.0
SRR5626203	0	325	0.0	0	10238	0.0
SRR5626208	0	227	0.0	0	10242	0.0
SRR5827497	0	73	0.0	0	10223	0.0
SRR5827514	1	129	0.00775	7	10176	0.00069
SRR5827519	0	184	0.0	0	10202	0.0
SRR5908592	3	79	0.03797	141	10078	0.01399
SRR5908604	1	92	0.01087	28	9941	0.00282
SRR5908682	1	84	0.0119	64	9930	0.00645
SRR5908687	1	65	0.01538	89	9914	0.00898
SRR5908693	1	81	0.01235	51	9944	0.00513
SRR5908742	1	89	0.01124	154	9948	0.01548
SRR5908745	1	82	0.0122	59	9941	0.00594
SRR6235175	4	175	0.02286	210	10233	0.02052
SRR6235206	2	94	0.02128	111	9998	0.0111
SRR6235214	8	229	0.03493	133	10226	0.01301
SRR6287204	0	75	0.0	0	10246	0.0
SRR6287205	0	92	0.0	0	10225	0.0
SRR6287206	1	74	0.01351	5	10230	0.00049
SRR6287208	3	79	0.03797	51	10236	0.00498
SRR6287209	2	76	0.02632	97	10242	0.00947
SRR6287211	0	90	0.0	0	10205	0.0
SRR6287214	0	60	0.0	0	10223	0.0
SRR6287221	0	82	0.0	0	10224	0.0
SRR6287227	0	102	0.0	0	10233	0.0
SRR6287229	1	93	0.01075	23	10232	0.00225
SRR6287231	1	109	0.00917	21	10217	0.00206
SRR6287232	3	94	0.03191	43	10238	0.0042
SRR6287238	2	99	0.0202	51	10232	0.00498
SRR6287246	3	52	0.05769	151	10226	0.01477
SRR6287259	2	90	0.02222	28	10213	0.00274
SRR6287268	0	99	0.0	0	10229	0.0
SRR6287269	2	85	0.02353	23	10237	0.00225
SRR6287270	1	75	0.01333	20	10241	0.00195
SRR6287271	2	98	0.02041	51	10214	0.00499
SRR6287273	3	74	0.04054	58	10228	0.00567
SRR6287274	0	73	0.0	0	10216	0.0
SRR6287275	0	73	0.0	0	10229	0.0
SRR6287277	3	89	0.03371	47	10233	0.00459
SRR6287278	1	106	0.00943	20	10240	0.00195
SRR6287280	2	81	0.02469	35	10238	0.00342
SRR6287282	1	58	0.01724	5	10231	0.00049
SRR6287285	0	71	0.0	0	10217	0.0
SRR6287298	2	103	0.01942	27	10227	0.00264
SRR6287299	3	86	0.03488	33	10212	0.00323
SRR6287305	0	61	0.0	0	10224	0.0
SRR6287306	1	83	0.01205	34	10226	0.00332
SRR6287321	3	94	0.03191	55	10212	0.00539
SRR6287323	2	68	0.02941	11	10179	0.00108
SRR6287324	1	84	0.0119	11	10223	0.00108
SRR6287329	0	45	0.0	0	10239	0.0
SRR6287332	0	106	0.0	0	10198	0.0
SRR6287335	1	92	0.01087	2	10218	0.0002
SRR6287337	0	77	0.0	0	10222	0.0
SRR6287338	0	70	0.0	0	10228	0.0
SRR6287342	1	69	0.01449	8	10237	0.00078
SRR6287343	2	94	0.02128	37	10227	0.00362
SRR6287346	2	111	0.01802	34	10212	0.00333
SRR6287347	1	98	0.0102	20	10244	0.00195
SRR6287351	1	84	0.0119	7	10244	0.00068
SRR6325756	0	249	0.0	0	10226	0.0
SRR6325757	0	302	0.0	0	10203	0.0
SRR6325758	1	367	0.00272	6	10229	0.00059
SRR6325759	1	336	0.00298	5	10226	0.00049
SRR6325761	1	306	0.00327	4	10232	0.00039
SRR6325762	2	323	0.00619	11	10231	0.00108
SRR6325763	2	323	0.00619	7	10187	0.00069
SRR6325764	1	315	0.00317	3	10220	0.00029
SRR6325765	0	483	0.0	0	10210	0.0
SRR6325766	0	313	0.0	0	10206	0.0
SRR6325767	2	373	0.00536	9	10225	0.00088
SRR6325768	0	324	0.0	0	10209	0.0
SRR6325769	1	319	0.00313	6	10196	0.00059
SRR6325770	1	358	0.00279	7	10209	0.00069
SRR6325771	2	409	0.00489	11	10226	0.00108
SRR6325772	0	298	0.0	0	10216	0.0
SRR6340152	2	495	0.00404	17	10151	0.00167
SRR6340153	1	572	0.00175	9	10125	0.00089
SRR6340154	2	573	0.00349	8	10159	0.00079
SRR6340155	3	533	0.00563	23	10185	0.00226
SRR6340156	2	527	0.0038	11	10159	0.00108
SRR6340157	1	519	0.00193	10	10205	0.00098
SRR6340158	2	550	0.00364	9	10171	0.00088
SRR6340160	0	419	0.0	0	10171	0.0
SRR6340161	0	477	0.0	0	10140	0.0
SRR6340162	0	494	0.0	0	10167	0.0
SRR6340164	1	556	0.0018	8	10208	0.00078
SRR6340166	3	609	0.00493	10	10194	0.00098
SRR6340167	4	623	0.00642	32	10137	0.00316
SRR6340168	4	530	0.00755	16	10156	0.00158
SRR6340169	1	566	0.00177	4	10184	0.00039
SRR6340170	4	572	0.00699	25	10160	0.00246
SRR6340171	1	656	0.00152	7	10180	0.00069
SRR6340172	2	615	0.00325	5	10145	0.00049
SRR6340173	1	539	0.00186	15	10154	0.00148
SRR6340174	1	585	0.00171	4	10117	0.0004
SRR6340175	0	540	0.0	0	10174	0.0
SRR6340176	2	467	0.00428	6	10187	0.00059
SRR6340177	1	569	0.00176	7	10185	0.00069
SRR6340178	2	496	0.00403	24	10198	0.00235
SRR6340179	3	563	0.00533	17	10155	0.00167
SRR6340181	4	596	0.00671	31	10172	0.00305
SRR6340182	2	545	0.00367	21	10141	0.00207
SRR6340183	4	545	0.00734	17	10153	0.00167
SRR6340185	1	577	0.00173	21	10138	0.00207
SRR6508103	0	58	0.0	0	9896	0.0
SRR6508114	1	68	0.01471	240	9976	0.02406
SRR6508120	0	63	0.0	0	9921	0.0
SRR6508121	2	55	0.03636	187	9936	0.01882
SRR6508125	1	72	0.01389	62	10075	0.00615
SRR6508127	0	54	0.0	0	9828	0.0
SRR6508129	4	53	0.07547	446	10018	0.04452
SRR6508131	1	47	0.02128	73	10070	0.00725
SRR6508133	2	50	0.04	356	10058	0.03539
SRR6508134	3	71	0.04225	453	9922	0.04566
SRR6508143	2	53	0.03774	249	10076	0.02471
SRR6511218	1	49	0.02041	41	10183	0.00403
SRR6511224	2	65	0.03077	54	10189	0.0053
SRR6511225	5	100	0.05	189	10143	0.01863
SRR6511226	3	70	0.04286	121	10167	0.0119
SRR6511227	4	77	0.05195	169	10202	0.01657
SRR6511230	3	97	0.03093	223	10139	0.02199
SRR6511231	5	74	0.06757	213	10113	0.02106
SRR6511234	8	143	0.05594	441	10156	0.04342
SRR6511235	12	156	0.07692	419	10114	0.04143
SRR6511240	3	85	0.03529	180	10102	0.01782
SRR6511241	2	69	0.02899	114	10225	0.01115
SRR6511253	2	71	0.02817	66	10229	0.00645
SRR6511259	2	67	0.02985	78	10158	0.00768
SRR6511261	3	89	0.03371	78	10215	0.00764
SRR6511262	4	121	0.03306	259	10145	0.02553
SRR6511266	5	136	0.03676	289	10126	0.02854
SRR6511268	8	141	0.05674	368	10170	0.03618
SRR6511270	4	71	0.05634	140	10178	0.01376
SRR6511271	4	101	0.0396	162	10181	0.01591
SRR6511281	6	96	0.0625	323	10175	0.03174
SRR6511282	2	81	0.02469	113	10233	0.01104
SRR6511283	3	97	0.03093	184	10085	0.01824
SRR6511284	3	93	0.03226	368	10204	0.03606
SRR6511285	3	97	0.03093	109	10182	0.01071
SRR6511291	5	141	0.03546	259	10163	0.02548
SRR6511292	0	95	0.0	0	10157	0.0
SRR6511293	4	99	0.0404	249	10133	0.02457
SRR6511301	2	120	0.01667	122	10134	0.01204
SRR6511302	3	93	0.03226	220	10152	0.02167
SRR6511303	2	70	0.02857	101	10141	0.00996
SRR6511304	2	94	0.02128	194	10228	0.01897
SRR6511308	3	97	0.03093	148	10178	0.01454
SRR6511310	2	76	0.02632	131	10119	0.01295
SRR6511311	2	82	0.02439	128	10186	0.01257
SRR6511312	3	95	0.03158	138	10114	0.01364
SRR6511313	4	88	0.04545	199	10170	0.01957
SRR6511316	1	83	0.01205	53	10179	0.00521
SRR6511317	2	85	0.02353	107	10166	0.01053
SRR6511686	0	78	0.0	0	10165	0.0
SRR6511706	1	70	0.01429	29	10128	0.00286
SRR6511716	0	97	0.0	0	10053	0.0
SRR6511717	3	96	0.03125	84	10128	0.00829
SRR6511724	1	108	0.00926	222	10062	0.02206
SRR6511736	2	125	0.016	120	10033	0.01196
SRR6511744	5	111	0.04505	161	10140	0.01588
SRR6511753	2	93	0.02151	142	10146	0.014
SRR6511758	1	80	0.0125	13	10206	0.00127
SRR6962106	5	154	0.03247	126	10187	0.01237
SRR6962108	4	149	0.02685	64	10206	0.00627
SRR6962109	4	178	0.02247	126	10163	0.0124
SRR6962110	2	166	0.01205	54	10189	0.0053
SRR6962111	6	204	0.02941	125	10195	0.01226
SRR6962112	2	181	0.01105	37	10187	0.00363
SRR6962113	3	166	0.01807	94	10146	0.00926
SRR6962114	3	159	0.01887	31	10220	0.00303
SRR6962115	3	125	0.024	59	10193	0.00579
SRR6962116	4	137	0.0292	99	10172	0.00973
SRR7091533	0	157	0.0	0	10067	0.0
SRR7221447	0	130	0.0	0	10253	0.0
SRR7275938	0	68	0.0	0	10232	0.0
SRR7286093	4	85	0.04706	94	10223	0.00919
SRR7286098	1	111	0.00901	11	10182	0.00108
SRR7633193	1	129	0.00775	40	10030	0.00399
TARA042DCM	0	72	0.0	0	7528	0.0
TARA056MES	0	62	0.0	0	9098	0.0
TARA062SRF	0	45	0.0	0	9110	0.0
TARA109SRF	1	83	0.01205	12	8489	0.00141
TARA123MIX	1	51	0.01961	303	8900	0.03404
TARA124SRF	0	43	0.0	0	8843	0.0
TARA133DCM	0	52	0.0	0	8994	0.0
TARA150DCM	0	53	0.0	0	9071	0.0
